0.002000 0.000007 0.000000 0.104693 0.000000 1.717564 0.052360 0.000000 0.000000 2.250000
0.050000 0.003218 0.000000 0.094998 0.000000 0.375200 -0.006092 -0.641799 0.000000 0.724713
0.100000 0.009739 0.000000 0.080436 0.000000 0.119105 -0.013833 -0.736463 0.000000 1.923766
0.150000 0.018099 0.000000 0.066566 0.000000 0.011229 -0.015270 -0.775665 0.000000 2.035306
0.200000 0.027862 0.000000 0.053873 0.000000 -0.073364 -0.015965 -0.806104 0.000000 2.077158
0.250000 0.038724 0.000000 0.042303 0.000000 -0.148978 -0.016527 -0.833144 -0.795268 0.045419
0.300000 0.050421 0.000000 0.031758 0.000000 -0.217791 -0.017031 -0.857612 -0.796633 0.060705
0.350000 0.062713 0.000000 0.022143 0.000000 -0.280586 -0.017486 -0.879812 -0.795800 0.082726
0.400000 0.075380 0.000000 0.013374 0.000000 -0.337926 -0.017900 -0.899970 -0.793368 0.109466
0.450000 0.088223 0.000000 0.005376 0.000000 -0.390294 -0.018275 -0.918275 -0.877519 0.038052
0.500000 0.101058 0.000000 -0.001915 0.000000 -0.438110 -0.018617 -0.934899 -0.881832 0.048606
0.550000 0.113718 0.000000 -0.008559 0.000000 -0.481747 -0.018926 -0.949991 -0.884746 0.060362
0.600000 0.126050 0.000000 -0.014607 0.000000 -0.521531 -0.019207 -0.963681 -0.886560 0.072836
0.650000 0.137915 0.000000 -0.020105 0.000000 -0.557751 -0.019461 -0.976086 -0.941422 0.030521
0.700000 0.149186 0.000000 -0.025094 0.000000 -0.590660 -0.019692 -0.987307 -0.945432 0.035511
0.750000 0.159748 0.000000 -0.029610 0.000000 -0.620483 -0.019900 -0.997434 -0.948569 0.040640
0.800000 0.169495 0.000000 -0.033683 0.000000 -0.647418 -0.020087 -1.006546 -0.950999 0.045783
0.850000 0.178335 0.000000 -0.037344 0.000000 -0.671640 -0.020255 -1.014712 -0.984071 0.023748
0.900000 0.186181 0.000000 -0.040615 0.000000 -0.693305 -0.020405 -1.021993 -0.986871 0.026137
0.950000 0.192958 0.000000 -0.043521 0.000000 -0.712550 -0.020538 -1.028442 -0.989149 0.028462
1.000000 0.198598 0.000000 -0.046081 0.000000 -0.729498 -0.020655 -1.034109 -0.990993 0.030674
1.051000 0.203119 0.000000 -0.048354 0.000000 -0.744400 -0.020763 -1.038987 -1.011919 0.018610
1.102000 0.206341 0.000000 -0.050303 0.000000 -0.757311 -0.020853 -1.043304 -1.013651 0.019724
1.153000 0.208217 0.000000 -0.051941 0.000000 -0.768127 -0.020927 -1.046917 -1.015029 0.020712
1.201000 0.208699 0.000000 -0.053123 0.000000 -0.710810 -0.018111 0.514269 -0.922787 0.010154
1.252000 0.206620 0.000000 -0.047914 0.000000 0.022199 0.012869 0.785195 0.143329 1.772547
1.303000 0.202901 0.000000 -0.040613 0.000000 0.138729 0.016253 0.829379 0.100008 2.068441
1.351000 0.198524 0.000000 -0.034113 0.000000 0.187717 0.016855 0.847087 0.092153 2.100893
1.402000 0.193146 0.000000 -0.027786 0.000000 0.229681 0.017187 0.862015 0.087904 2.116645
1.453000 0.187170 0.000000 -0.022021 0.000000 0.267338 0.017461 0.875337 0.846093 0.040849
1.501000 0.181123 0.000000 -0.017064 0.000000 0.299715 0.017694 0.886751 0.844280 0.044369
1.552000 0.174366 0.000000 -0.012247 0.000000 0.331218 0.017919 0.897820 0.842103 0.049714
1.603000 0.167381 0.000000 -0.007851 0.000000 0.360010 0.018124 0.907905 0.839764 0.056258
1.651000 0.160691 0.000000 -0.004065 0.000000 0.384850 0.018301 0.916581 0.879542 0.026503
1.702000 0.153552 0.000000 -0.000383 0.000000 0.409047 0.018472 0.925010 0.879253 0.030500
1.753000 0.146466 0.000000 0.002977 0.000000 0.431167 0.018628 0.932695 0.878781 0.034975
1.801000 0.139919 0.000000 0.005869 0.000000 0.450238 0.018763 0.939306 0.878215 0.039460
1.852000 0.133162 0.000000 0.008678 0.000000 0.468782 0.018893 0.945720 0.909881 0.022323
1.903000 0.126676 0.000000 0.011233 0.000000 0.485681 0.019012 0.951553 0.910770 0.024993
1.951000 0.120875 0.000000 0.013423 0.000000 0.500186 0.019114 0.956551 0.911440 0.027563
2.001000 0.115196 0.000000 0.015498 0.000000 0.514206 0.019212 0.961375 0.912003 0.030290
2.051000 0.109937 0.000000 0.017375 0.000000 0.526521 0.019294 0.965688 0.934717 0.018604
2.101000 0.105141 0.000000 0.019066 0.000000 0.537727 0.019372 0.969524 0.935861 0.020076
2.151000 0.100847 0.000000 0.020581 0.000000 0.547788 0.019443 0.972965 0.936850 0.021508
2.201000 0.097091 0.000000 0.021931 0.000000 0.556753 0.019506 0.976029 0.937695 0.022869
2.251000 0.093904 0.000000 0.023123 0.000000 0.564670 0.019562 0.978732 0.952844 0.015323
2.301000 0.091314 0.000000 0.024165 0.000000 0.571586 0.019610 0.981093 0.953785 0.016073
2.351000 0.089345 0.000000 0.025064 0.000000 0.577542 0.019653 0.983125 0.954582 0.016751
2.401000 0.088018 0.000000 0.025825 0.000000 0.582574 0.019689 0.984842 0.955246 0.017350
2.451000 0.087351 0.000000 0.026454 0.000000 0.586717 0.019718 0.986256 0.964929 0.012440
2.501000 0.087726 0.000000 0.025109 0.000000 0.038347 -0.004091 -0.760119 -0.154016 0.150443
2.551000 0.089873 0.000000 0.017914 0.000000 -0.277160 -0.016260 -0.877853 -0.478209 0.020301
2.601000 0.092524 0.000000 0.010403 0.000000 -0.355147 -0.017903 -0.905982 -0.612526 0.008729
2.651000 0.095300 0.000000 0.003543 0.000000 -0.402806 -0.018364 -0.922714 -0.701702 0.006300
2.701000 0.098026 0.000000 -0.002622 0.000000 -0.443123 -0.018665 -0.936738 -0.727877 0.006169
2.751000 0.100559 0.000000 -0.008139 0.000000 -0.478949 -0.018922 -0.949137 -0.750591 0.006366
2.801000 0.102775 0.000000 -0.013062 0.000000 -0.510898 -0.019149 -0.960148 -0.770960 0.006789
2.851000 0.104563 0.000000 -0.017441 0.000000 -0.539306 -0.019351 -0.969902 -0.817559 0.006292
2.901000 0.105823 0.000000 -0.021317 0.000000 -0.564450 -0.019529 -0.978507 -0.834681 0.006908
2.951000 0.106470 0.000000 -0.024730 0.000000 -0.586576 -0.019685 -0.986056 -0.849779 0.007590
3.001000 0.105989 0.000000 -0.025531 0.000000 -0.018233 0.005516 0.768323 0.235710 0.240831
3.051000 0.103718 0.000000 -0.020451 0.000000 0.253499 0.016261 0.869901 0.919248 0.016416
3.101000 0.100859 0.000000 -0.014932 0.000000 0.315345 0.017666 0.892305 0.935058 0.009243
3.151000 0.097719 0.000000 -0.009845 0.000000 0.351209 0.018029 0.904947 0.937898 0.007868
3.201000 0.094432 0.000000 -0.005240 0.000000 0.381434 0.018258 0.915512 0.939425 0.007237
3.251000 0.091107 0.000000 -0.001086 0.000000 0.408485 0.018452 0.924931 0.937437 0.005849
3.301000 0.087836 0.000000 0.002658 0.000000 0.432850 0.018626 0.933389 0.938421 0.005752
3.351000 0.084705 0.000000 0.006024 0.000000 0.454776 0.018783 0.940981 0.939209 0.005817
3.401000 0.081790 0.000000 0.009045 0.000000 0.474460 0.018922 0.947780 0.939839 0.006012
3.451000 0.079160 0.000000 0.011747 0.000000 0.492079 0.019048 0.953853 0.941686 0.005472
3.501000 0.076876 0.000000 0.014156 0.000000 0.507785 0.019159 0.959256 0.942110 0.005800
3.551000 0.074993 0.000000 0.016293 0.000000 0.521718 0.019258 0.964041 0.942447 0.006175
3.601000 0.073560 0.000000 0.018178 0.000000 0.534000 0.019345 0.968253 0.942714 0.006575
3.651000 0.072619 0.000000 0.019828 0.000000 0.544741 0.019421 0.971932 0.946880 0.005975
3.701000 0.072208 0.000000 0.021258 0.000000 0.554038 0.019487 0.975113 0.947145 0.006317
3.751000 0.073077 0.000000 0.018871 0.000000 -0.133399 -0.010199 -0.823885 -0.343056 0.152755
3.801000 0.075294 0.000000 0.012014 0.000000 -0.328876 -0.017168 -0.896408 -0.621505 0.010252
3.851000 0.077784 0.000000 0.005271 0.000000 -0.389046 -0.018208 -0.917895 -0.739968 0.005041
3.901000 0.080278 0.000000 -0.000842 0.000000 -0.430462 -0.018572 -0.932362 -0.769091 0.004735
3.951000 0.082626 0.000000 -0.006320 0.000000 -0.466181 -0.018834 -0.944745 -0.790592 0.004852
4.001000 0.084703 0.000000 -0.011212 0.000000 -0.497930 -0.019061 -0.955704 -0.809450 0.005193
4.051000 0.086399 0.000000 -0.015565 0.000000 -0.526168 -0.019261 -0.965415 -0.843715 0.005014
4.101000 0.087614 0.000000 -0.019423 0.000000 -0.551185 -0.019438 -0.973990 -0.859395 0.005561
4.151000 0.088263 0.000000 -0.022823 0.000000 -0.573226 -0.019594 -0.981522 -0.873249 0.006173
4.201000 0.087924 0.000000 -0.024075 0.000000 -0.055085 0.003507 0.754162 0.288135 0.057402
4.251000 0.085768 0.000000 -0.019126 0.000000 0.257919 0.016100 0.871305 0.914690 0.011652
4.301000 0.083022 0.000000 -0.013567 0.000000 0.324618 0.017709 0.895521 0.935087 0.006272
4.351000 0.080027 0.000000 -0.008431 0.000000 0.361291 0.018096 0.908450 0.938629 0.005212
4.401000 0.076923 0.000000 -0.003786 0.000000 0.391820 0.018329 0.919112 0.940502 0.004756
4.451000 0.073816 0.000000 0.000399 0.000000 0.419061 0.018525 0.928588 0.940155 0.004050
4.501000 0.070803 0.000000 0.004162 0.000000 0.443545 0.018700 0.937079 0.941364 0.003993
4.551000 0.067968 0.000000 0.007540 0.000000 0.465528 0.018857 0.944682 0.942357 0.004069
4.601000 0.065389 0.000000 0.010563 0.000000 0.485212 0.018996 0.951474 0.943172 0.004249
4.651000 0.063133 0.000000 0.013260 0.000000 0.502776 0.019121 0.957521 0.944935 0.004066
4.701000 0.061262 0.000000 0.015655 0.000000 0.518375 0.019232 0.962881 0.945512 0.004359
4.751000 0.059830 0.000000 0.017771 0.000000 0.532151 0.019329 0.967607 0.945985 0.004688
4.801000 0.058885 0.000000 0.019628 0.000000 0.544229 0.019415 0.971745 0.946371 0.005034
4.851000 0.058470 0.000000 0.021244 0.000000 0.554722 0.019489 0.975335 0.949845 0.004762
4.901000 0.059328 0.000000 0.019070 0.000000 -0.128811 -0.010075 -0.822228 -0.368698 0.152531
4.951000 0.061553 0.000000 0.012364 0.000000 -0.325565 -0.017137 -0.895260 -0.667523 0.008893
5.001000 0.064063 0.000000 0.005745 0.000000 -0.385177 -0.018182 -0.916562 -0.750768 0.004712
5.051000 0.066593 0.000000 -0.000259 0.000000 -0.425919 -0.018541 -0.930800 -0.796265 0.003854
5.101000 0.068994 0.000000 -0.005643 0.000000 -0.461031 -0.018800 -0.942979 -0.817851 0.003894
5.151000 0.071143 0.000000 -0.010453 0.000000 -0.492253 -0.019023 -0.953762 -0.836686 0.004159
5.201000 0.072931 0.000000 -0.014735 0.000000 -0.520041 -0.019220 -0.963324 -0.853464 0.004581
5.251000 0.074261 0.000000 -0.018534 0.000000 -0.544680 -0.019395 -0.971775 -0.880163 0.004560
5.301000 0.075049 0.000000 -0.021885 0.000000 -0.566409 -0.019548 -0.979207 -0.893871 0.005100
5.351000 0.075115 0.000000 -0.024309 0.000000 -0.277157 -0.006237 0.670498 -0.285039 0.163090
5.401000 0.073266 0.000000 -0.020046 0.000000 0.228547 0.014997 0.860348 0.893718 0.013524
5.451000 0.070640 0.000000 -0.014342 0.000000 0.317683 0.017560 0.893002 0.927550 0.004949
5.501000 0.067732 0.000000 -0.008994 0.000000 0.358064 0.018060 0.907298 0.934099 0.003771
5.551000 0.064704 0.000000 -0.004152 0.000000 0.390122 0.018313 0.918504 0.937192 0.003366
5.601000 0.061668 0.000000 0.000210 0.000000 0.418530 0.018519 0.928389 0.939597 0.003173
5.651000 0.058726 0.000000 0.004131 0.000000 0.444030 0.018701 0.937234 0.941073 0.002900
5.701000 0.055964 0.000000 0.007648 0.000000 0.466910 0.018864 0.945147 0.942838 0.002977
5.751000 0.053464 0.000000 0.010794 0.000000 0.487385 0.019010 0.952211 0.944359 0.003151
5.801000 0.051295 0.000000 0.013599 0.000000 0.505642 0.019139 0.958495 0.945668 0.003398
5.851000 0.049523 0.000000 0.016088 0.000000 0.521845 0.019254 0.964061 0.948038 0.003396
5.901000 0.048203 0.000000 0.018286 0.000000 0.536143 0.019356 0.968964 0.949047 0.003703
5.951000 0.047385 0.000000 0.020213 0.000000 0.548668 0.019444 0.973253 0.949909 0.004026
6.001000 0.047114 0.000000 0.021883 0.000000 0.559536 0.019521 0.976970 0.950641 0.004349
6.051000 0.048527 0.000000 0.017741 0.000000 -0.213492 -0.013511 -0.853954 -0.673839 0.038464
6.101000 0.050890 0.000000 0.011003 0.000000 -0.342117 -0.017566 -0.901296 -0.738548 0.005902
6.151000 0.053453 0.000000 0.004620 0.000000 -0.392753 -0.018272 -0.919244 -0.781468 0.003876
6.201000 0.056006 0.000000 -0.001143 0.000000 -0.431128 -0.018584 -0.932624 -0.803303 0.003520
6.251000 0.058413 0.000000 -0.006307 0.000000 -0.464734 -0.018828 -0.944272 -0.831586 0.003227
6.301000 0.060556 0.000000 -0.010920 0.000000 -0.494671 -0.019042 -0.954606 -0.848239 0.003421
6.351000 0.062331 0.000000 -0.015025 0.000000 -0.521314 -0.019231 -0.963771 -0.863548 0.003766
6.401000 0.063645 0.000000 -0.018665 0.000000 -0.544926 -0.019398 -0.971869 -0.877499 0.004215
6.451000 0.064416 0.000000 -0.021875 0.000000 -0.565739 -0.019545 -0.978987 -0.899541 0.004257
6.501000 0.064459 0.000000 -0.024120 0.000000 -0.260077 -0.005555 0.676872 -0.716542 0.039851
6.551000 0.062594 0.000000 -0.019692 0.000000 0.233102 0.015089 0.861978 0.867527 0.010939
6.601000 0.059973 0.000000 -0.013894 0.000000 0.321365 0.017591 0.894284 0.913022 0.004449
6.651000 0.057086 0.000000 -0.008469 0.000000 0.362082 0.018088 0.908689 0.922775 0.003038
6.701000 0.054093 0.000000 -0.003560 0.000000 0.394551 0.018343 0.920035 0.928836 0.002696
6.751000 0.051110 0.000000 0.000859 0.000000 0.423325 0.018552 0.930043 0.933863 0.002552
6.801000 0.048237 0.000000 0.004829 0.000000 0.449137 0.018736 0.938991 0.938363 0.002547
6.851000 0.045564 0.000000 0.008387 0.000000 0.472276 0.018901 0.946990 0.942570 0.002496
6.901000 0.043171 0.000000 0.011566 0.000000 0.492962 0.019048 0.954122 0.946203 0.002690
6.951000 0.041131 0.000000 0.014397 0.000000 0.511383 0.019178 0.960459 0.949441 0.002952
7.001000 0.039508 0.000000 0.016907 0.000000 0.527709 0.019294 0.966064 0.952313 0.003260
7.051000 0.038359 0.000000 0.019119 0.000000 0.542089 0.019396 0.970992 0.956048 0.003313
7.101000 0.037733 0.000000 0.021054 0.000000 0.554657 0.019485 0.975293 0.958309 0.003635
7.151000 0.037920 0.000000 0.021500 0.000000 0.098066 -0.000718 -0.737194 -0.217814 0.025294
7.201000 0.039888 0.000000 0.015602 0.000000 -0.280515 -0.015972 -0.878886 -0.683264 0.015227
7.251000 0.042382 0.000000 0.008981 0.000000 -0.360548 -0.017916 -0.907916 -0.790106 0.003773
7.301000 0.044991 0.000000 0.002889 0.000000 -0.404088 -0.018379 -0.923223 -0.817592 0.002951
7.351000 0.047550 0.000000 -0.002591 0.000000 -0.440067 -0.018652 -0.935738 -0.835494 0.002788
7.401000 0.049932 0.000000 -0.007497 0.000000 -0.471945 -0.018882 -0.946774 -0.851348 0.002855
7.451000 0.052026 0.000000 -0.011876 0.000000 -0.500368 -0.019084 -0.956577 -0.872486 0.002872
7.501000 0.053733 0.000000 -0.015771 0.000000 -0.525646 -0.019263 -0.965267 -0.886129 0.003199
7.551000 0.054965 0.000000 -0.019220 0.000000 -0.548025 -0.019422 -0.972938 -0.898528 0.003606
7.601000 0.055644 0.000000 -0.022258 0.000000 -0.567722 -0.019561 -0.979672 -0.909681 0.004061
7.651000 0.055448 0.000000 -0.023647 0.000000 -0.111620 0.000844 0.732701 0.005010 0.034897
7.701000 0.053401 0.000000 -0.018599 0.000000 0.256488 0.015838 0.870588 0.877022 0.008737
7.751000 0.050738 0.000000 -0.012745 0.000000 0.331028 0.017723 0.897705 0.914991 0.003627
7.801000 0.047848 0.000000 -0.007327 0.000000 0.370166 0.018152 0.911508 0.925088 0.002747
7.851000 0.044883 0.000000 -0.002433 0.000000 0.402372 0.018399 0.922748 0.930434 0.002271
7.901000 0.041955 0.000000 0.001969 0.000000 0.431016 0.018605 0.932702 0.935556 0.002144
7.951000 0.039165 0.000000 0.005920 0.000000 0.456702 0.018789 0.941600 0.940151 0.002154
8.002000 0.036553 0.000000 0.009524 0.000000 0.479706 0.018952 0.949545 0.944283 0.002276
8.050000 0.034387 0.000000 0.012557 0.000000 0.499663 0.019101 0.956285 0.948437 0.002351
8.101000 0.032467 0.000000 0.015425 0.000000 0.518366 0.019233 0.962731 0.951826 0.002624
8.152000 0.031009 0.000000 0.017957 0.000000 0.534848 0.019350 0.968400 0.954794 0.002939
8.200000 0.030109 0.000000 0.020054 0.000000 0.548493 0.019445 0.973085 0.957249 0.003259
8.251000 0.029708 0.000000 0.022001 0.000000 0.561143 0.019534 0.977423 0.960900 0.003320
8.302000 0.030784 0.000000 0.019322 0.000000 -0.158904 -0.011553 -0.830885 -0.747660 0.052005
8.350000 0.033000 0.000000 0.013020 0.000000 -0.322423 -0.017251 -0.893690 -0.760925 0.005940
8.401000 0.035635 0.000000 0.006521 0.000000 -0.378699 -0.018175 -0.914047 -0.812791 0.003035
8.452000 0.038313 0.000000 0.000646 0.000000 -0.418221 -0.018508 -0.927910 -0.840957 0.002408
8.500000 0.040740 0.000000 -0.004319 0.000000 -0.450601 -0.018743 -0.939177 -0.857317 0.002312
8.551000 0.043100 0.000000 -0.009043 0.000000 -0.481304 -0.018961 -0.949817 -0.873196 0.002395
8.602000 0.045125 0.000000 -0.013246 0.000000 -0.508608 -0.019154 -0.959246 -0.887782 0.002618
8.650000 0.046638 0.000000 -0.016762 0.000000 -0.531457 -0.019315 -0.967113 -0.904895 0.002729
8.701000 0.047743 0.000000 -0.020069 0.000000 -0.552939 -0.019466 -0.974490 -0.917185 0.003091
8.752000 0.048256 0.000000 -0.022968 0.000000 -0.571754 -0.019598 -0.980937 -0.928152 0.003493
8.800000 0.047550 0.000000 -0.022410 0.000000 0.058711 0.008049 0.792520 0.732255 0.040803
8.851000 0.045212 0.000000 -0.016593 0.000000 0.289441 0.016822 0.882005 0.894149 0.004802
8.902000 0.042427 0.000000 -0.010655 0.000000 0.347057 0.017940 0.903082 0.919689 0.002556
8.950000 0.039650 0.000000 -0.005551 0.000000 0.382060 0.018258 0.915423 0.927624 0.002130
9.001000 0.036670 0.000000 -0.000659 0.000000 0.414063 0.018494 0.926601 0.933633 0.001942
9.052000 0.033773 0.000000 0.003727 0.000000 0.442600 0.018698 0.936526 0.938702 0.001806
9.100000 0.031216 0.000000 0.007430 0.000000 0.466697 0.018868 0.944882 0.943163 0.001862
9.151000 0.028767 0.000000 0.010951 0.000000 0.489617 0.019030 0.952808 0.947423 0.002008
9.202000 0.026674 0.000000 0.014081 0.000000 0.509992 0.019174 0.959837 0.951220 0.002225
9.250000 0.025097 0.000000 0.016697 0.000000 0.527019 0.019294 0.965698 0.954989 0.002336
9.301000 0.023900 0.000000 0.019152 0.000000 0.542994 0.019406 0.971187 0.958001 0.002617
9.352000 0.023253 0.000000 0.021298 0.000000 0.556940 0.019504 0.975972 0.960631 0.002914
9.400000 0.023420 0.000000 0.021912 0.000000 0.130885 0.000579 -0.717240 -0.032220 0.032712
9.451000 0.025431 0.000000 0.016020 0.000000 -0.277646 -0.016009 -0.876879 -0.760480 0.007737
9.502000 0.028000 0.000000 0.009380 0.000000 -0.357325 -0.017932 -0.906464 -0.818728 0.002813
9.550000 0.030540 0.000000 0.003632 0.000000 -0.398181 -0.018355 -0.920918 -0.840510 0.002321
9.601000 0.033205 0.000000 -0.001868 0.000000 -0.434296 -0.018627 -0.933522 -0.856124 0.002182
9.652000 0.035708 0.000000 -0.006783 0.000000 -0.466263 -0.018856 -0.944620 -0.874056 0.002083
9.700000 0.037810 0.000000 -0.010919 0.000000 -0.493142 -0.019046 -0.953919 -0.886388 0.002200
9.751000 0.039676 0.000000 -0.014836 0.000000 -0.518595 -0.019225 -0.962697 -0.898521 0.002410
9.802000 0.041074 0.000000 -0.018299 0.000000 -0.541099 -0.019383 -0.970436 -0.909607 0.002685
9.853000 0.041922 0.000000 -0.021345 0.000000 -0.560878 -0.019522 -0.977221 -0.923651 0.002801
9.901000 0.042137 0.000000 -0.023768 0.000000 -0.511515 -0.016757 0.584393 -0.778408 0.005339
9.952000 0.040484 0.000000 -0.019795 0.000000 0.213464 0.014227 0.852864 0.850365 0.009379
10.003000 0.037899 0.000000 -0.013666 0.000000 0.322357 0.017559 0.894157 0.910155 0.003137
10.051000 0.035209 0.000000 -0.008227 0.000000 0.364387 0.018108 0.909201 0.930222 0.002125
10.102000 0.032258 0.000000 -0.002994 0.000000 0.399153 0.018385 0.921389 0.934958 0.001803
10.153000 0.029337 0.000000 0.001702 0.000000 0.429755 0.018605 0.932053 0.938723 0.001676
10.201000 0.026715 0.000000 0.005672 0.000000 0.455579 0.018789 0.941021 0.941847 0.001678
10.252000 0.024158 0.000000 0.009451 0.000000 0.480169 0.018963 0.949535 0.944908 0.001712
10.303000 0.021924 0.000000 0.012815 0.000000 0.502064 0.019117 0.957095 0.947506 0.001903
10.351000 0.020189 0.000000 0.015632 0.000000 0.520398 0.019246 0.963412 0.949669 0.002141
10.402000 0.018801 0.000000 0.018282 0.000000 0.537643 0.019368 0.969341 0.951693 0.002437
10.453000 0.017944 0.000000 0.020606 0.000000 0.552751 0.019474 0.974527 0.954789 0.002585
10.501000 0.017672 0.000000 0.022516 0.000000 0.565153 0.019561 0.978778 0.956305 0.002876
10.552000 0.019111 0.000000 0.018618 0.000000 -0.206488 -0.013508 -0.849528 -0.710524 0.024452
10.603000 0.021570 0.000000 0.011973 0.000000 -0.334864 -0.017575 -0.898359 -0.791031 0.004297
10.651000 0.024102 0.000000 0.006051 0.000000 -0.381582 -0.018215 -0.915100 -0.832163 0.002649
10.702000 0.026819 0.000000 0.000361 0.000000 -0.419467 -0.018521 -0.928367 -0.851405 0.002269
10.753000 0.029427 0.000000 -0.004731 0.000000 -0.452634 -0.018760 -0.939903 -0.867343 0.002136
10.801000 0.031674 0.000000 -0.009022 0.000000 -0.480524 -0.018957 -0.949566 -0.881080 0.002152
10.852000 0.033740 0.000000 -0.013092 0.000000 -0.506976 -0.019144 -0.958701 -0.895395 0.002358
10.903000 0.035379 0.000000 -0.016699 0.000000 -0.530416 -0.019309 -0.966772 -0.907291 0.002638
10.951000 0.036457 0.000000 -0.019703 0.000000 -0.549935 -0.019446 -0.973477 -0.917396 0.002961
11.002000 0.037038 0.000000 -0.022512 0.000000 -0.568173 -0.019574 -0.979728 -0.926994 0.003344
11.053000 0.036468 0.000000 -0.022429 0.000000 0.027985 0.006675 0.780348 1.114559 0.061090
11.101000 0.034339 0.000000 -0.016958 0.000000 0.281064 0.016516 0.878750 0.849216 0.005238
11.152000 0.031607 0.000000 -0.010878 0.000000 0.345570 0.017903 0.902511 0.899423 0.002341
11.203000 0.028702 0.000000 -0.005322 0.000000 0.384116 0.018270 0.916120 0.915606 0.001814
11.251000 0.025942 0.000000 -0.000607 0.000000 0.414994 0.018499 0.926906 0.926789 0.001548
11.302000 0.023097 0.000000 0.003898 0.000000 0.444304 0.018708 0.937100 0.936255 0.001480
11.353000 0.020447 0.000000 0.007924 0.000000 0.470498 0.018894 0.946181 0.944791 0.001528
11.401000 0.018214 0.000000 0.011313 0.000000 0.492552 0.019049 0.953805 0.952036 0.001659
11.452000 0.016201 0.000000 0.014523 0.000000 0.513441 0.019197 0.961009 0.959143 0.001792
11.503000 0.014633 0.000000 0.017361 0.000000 0.531909 0.019327 0.967364 0.965176 0.002041
11.551000 0.013622 0.000000 0.019719 0.000000 0.547240 0.019434 0.972629 0.970191 0.002311
11.602000 0.013099 0.000000 0.021914 0.000000 0.561504 0.019535 0.977521 0.974860 0.002616
11.653000 0.013770 0.000000 0.020919 0.000000 -0.068509 -0.007989 -0.795713 -1.017538 0.037748
11.701000 0.015891 0.000000 0.014933 0.000000 -0.300134 -0.016763 -0.885498 -0.925721 0.007674
11.752000 0.018534 0.000000 0.008463 0.000000 -0.364298 -0.018042 -0.908997 -0.925344 0.003113
11.803000 0.021276 0.000000 0.002580 0.000000 -0.404676 -0.018411 -0.923213 -0.929840 0.002489
11.851000 0.023810 0.000000 -0.002401 0.000000 -0.437236 -0.018650 -0.934562 -0.933832 0.002207
11.902000 0.026332 0.000000 -0.007146 0.000000 -0.468090 -0.018870 -0.945269 -0.938230 0.002276
11.953000 0.028569 0.000000 -0.011374 0.000000 -0.495570 -0.019064 -0.954772 -0.942689 0.002525
12.001000 0.030326 0.000000 -0.014919 0.000000 -0.518613 -0.019227 -0.962718 -0.946814 0.002884
12.052000 0.031736 0.000000 -0.018262 0.000000 -0.540334 -0.019379 -0.970188 -0.952463 0.003103
12.103000 0.032601 0.000000 -0.021200 0.000000 -0.559421 -0.019513 -0.976736 -0.956501 0.003600
12.151000 0.032848 0.000000 -0.023593 0.000000 -0.575151 -0.019624 -0.982123 -0.959998 0.004096
12.202000 0.031275 0.000000 -0.019789 0.000000 0.206879 0.013916 0.850223 0.833333 0.010330
12.253000 0.028718 0.000000 -0.013578 0.000000 0.322737 0.017534 0.894242 0.887071 0.003168
12.301000 0.026055 0.000000 -0.008048 0.000000 0.365978 0.018115 0.909737 0.910335 0.002115
12.352000 0.023138 0.000000 -0.002727 0.000000 0.401380 0.018399 0.922150 0.922613 0.001791
12.403000 0.020261 0.000000 0.002046 0.000000 0.432484 0.018624 0.932986 0.932649 0.001668
12.451000 0.017689 0.000000 0.006079 0.000000 0.458716 0.018810 0.942093 0.941112 0.001691
12.502000 0.015197 0.000000 0.009916 0.000000 0.483680 0.018986 0.950734 0.949301 0.001842
12.553000 0.013043 0.000000 0.013330 0.000000 0.505892 0.019143 0.958402 0.956655 0.002084
12.601000 0.011395 0.000000 0.016186 0.000000 0.524478 0.019274 0.964802 0.962846 0.002374
12.652000 0.010116 0.000000 0.018871 0.000000 0.541944 0.019397 0.970805 0.968806 0.002553
12.703000 0.009384 0.000000 0.021223 0.000000 0.557229 0.019504 0.976049 0.973937 0.002905
12.751000 0.009344 0.000000 0.022655 0.000000 0.289312 0.007349 -0.654978 1.049305 0.055484
12.802000 0.011198 0.000000 0.017409 0.000000 -0.252755 -0.015275 -0.867497 -0.956183 0.015632
12.853000 0.013757 0.000000 0.010844 0.000000 -0.345567 -0.017794 -0.902300 -0.922673 0.003555
12.901000 0.016334 0.000000 0.005110 0.000000 -0.387663 -0.018276 -0.917261 -0.927454 0.002521
12.952000 0.019077 0.000000 -0.000387 0.000000 -0.423912 -0.018555 -0.929931 -0.931832 0.002242
13.003000 0.021696 0.000000 -0.005305 0.000000 -0.455915 -0.018784 -0.941055 -0.936289 0.002229
13.051000 0.023944 0.000000 -0.009448 0.000000 -0.482847 -0.018975 -0.950382 -0.940576 0.002389
13.102000 0.026002 0.000000 -0.013377 0.000000 -0.508387 -0.019155 -0.959200 -0.945978 0.002554
13.153000 0.027630 0.000000 -0.016858 0.000000 -0.531012 -0.019314 -0.966989 -0.950679 0.002961
13.201000 0.028696 0.000000 -0.019756 0.000000 -0.549843 -0.019447 -0.973457 -0.954853 0.003410
13.252000 0.029264 0.000000 -0.022464 0.000000 -0.567427 -0.019570 -0.979484 -0.958959 0.003927
13.303000 0.028660 0.000000 -0.022160 0.000000 0.040623 0.007151 0.785230 1.203722 0.098827
13.351000 0.026527 0.000000 -0.016591 0.000000 0.285063 0.016588 0.880193 0.868422 0.005700
13.402000 0.023808 0.000000 -0.010453 0.000000 0.348871 0.017930 0.903660 0.903529 0.002443
13.453000 0.020929 0.000000 -0.004852 0.000000 0.387606 0.018294 0.917327 0.917297 0.001905
13.501000 0.018207 0.000000 -0.000100 0.000000 0.418708 0.018524 0.928186 0.926614 0.001696
13.552000 0.015415 0.000000 0.004438 0.000000 0.448228 0.018735 0.938450 0.935723 0.001667
13.603000 0.012833 0.000000 0.008491 0.000000 0.474594 0.018922 0.947587 0.944140 0.001764
13.651000 0.010679 0.000000 0.011901 0.000000 0.496778 0.019078 0.955253 0.951424 0.001947
13.702000 0.008765 0.000000 0.015128 0.000000 0.517773 0.019226 0.962490 0.958431 0.002254
13.753000 0.007312 0.000000 0.017978 0.000000 0.536315 0.019357 0.968867 0.964760 0.002591
13.801000 0.006425 0.000000 0.020343 0.000000 0.551689 0.019465 0.974145 0.970083 0.002939
13.852000 0.006049 0.000000 0.022543 0.000000 0.565971 0.019565 0.979040 0.975085 0.003321
13.903000 0.007261 0.000000 0.019626 0.000000 -0.173224 -0.012309 -0.836724 -1.066087 0.031645
13.951000 0.009535 0.000000 0.013494 0.000000 -0.320037 -0.017311 -0.892984 -0.921253 0.005541
14.002000 0.012235 0.000000 0.007214 0.000000 -0.373105 -0.018146 -0.912142 -0.926570 0.002876
14.053000 0.015000 0.000000 0.001537 0.000000 -0.411172 -0.018462 -0.925495 -0.931541 0.002313
14.101000 0.017534 0.000000 -0.003265 0.000000 -0.442480 -0.018689 -0.936396 -0.935144 0.002102
14.152000 0.020038 0.000000 -0.007838 0.000000 -0.472209 -0.018900 -0.946707 -0.940030 0.002136
14.203000 0.022243 0.000000 -0.011910 0.000000 -0.498685 -0.019087 -0.955858 -0.944914 0.002335
14.251000 0.023959 0.000000 -0.015324 0.000000 -0.520875 -0.019243 -0.963507 -0.949386 0.002638
14.302000 0.025320 0.000000 -0.018540 0.000000 -0.541777 -0.019390 -0.970693 -0.955690 0.002857
14.353000 0.026130 0.000000 -0.021365 0.000000 -0.560126 -0.019519 -0.976987 -0.960241 0.003299
14.401000 0.026292 0.000000 -0.023500 0.000000 -0.430923 -0.013306 0.599480 -1.031063 0.026069
14.452000 0.024564 0.000000 -0.019080 0.000000 0.226687 0.014604 0.857820 0.968682 0.026381
14.503000 0.021981 0.000000 -0.012810 0.000000 0.329547 0.017636 0.896687 0.903779 0.002839
14.551000 0.019321 0.000000 -0.007277 0.000000 0.371503 0.018160 0.911667 0.915696 0.001954
14.602000 0.016430 0.000000 -0.001961 0.000000 0.406725 0.018437 0.924003 0.923909 0.001706
14.653000 0.013597 0.000000 0.002805 0.000000 0.437768 0.018660 0.934812 0.931419 0.001642
14.701000 0.011085 0.000000 0.006830 0.000000 0.463944 0.018846 0.943895 0.938045 0.001705
14.752000 0.008676 0.000000 0.010656 0.000000 0.488836 0.019022 0.952506 0.944935 0.001870
14.803000 0.006624 0.000000 0.014058 0.000000 0.510965 0.019178 0.960140 0.951392 0.002111
14.851000 0.005089 0.000000 0.016901 0.000000 0.529460 0.019308 0.966507 0.957017 0.002389
14.902000 0.003948 0.000000 0.019570 0.000000 0.546818 0.019430 0.972469 0.962399 0.002743
14.953000 0.003373 0.000000 0.021904 0.000000 0.561981 0.019537 0.977669 0.967295 0.003095
15.001000 0.003787 0.000000 0.021860 0.000000 0.019958 -0.004339 -0.761094 -0.586686 0.017920
15.052000 0.005957 0.000000 0.015800 0.000000 -0.289019 -0.016501 -0.881394 -0.924085 0.008912
15.103000 0.008603 0.000000 0.009373 0.000000 -0.357373 -0.017975 -0.906566 -0.919938 0.002909
15.151000 0.011213 0.000000 0.003837 0.000000 -0.395896 -0.018346 -0.920161 -0.926152 0.002261
15.202000 0.013963 0.000000 -0.001460 0.000000 -0.430593 -0.018604 -0.932267 -0.931856 0.002036
15.253000 0.016564 0.000000 -0.006197 0.000000 -0.461400 -0.018824 -0.942966 -0.937577 0.002020
15.301000 0.018778 0.000000 -0.010186 0.000000 -0.487331 -0.019007 -0.951941 -0.942406 0.002178
15.352000 0.020784 0.000000 -0.013966 0.000000 -0.511910 -0.019181 -0.960423 -0.947889 0.002456
15.403000 0.022349 0.000000 -0.017313 0.000000 -0.533665 -0.019334 -0.967910 -0.953106 0.002824
15.451000 0.023347 0.000000 -0.020097 0.000000 -0.551754 -0.019461 -0.974121 -0.957697 0.003224
15.502000 0.023837 0.000000 -0.022695 0.000000 -0.568623 -0.019579 -0.979902 -0.963528 0.003398
15.553000 0.022982 0.000000 -0.021441 0.000000 0.101576 0.009652 0.809068 1.295556 0.117855
15.601000 0.020767 0.000000 -0.015677 0.000000 0.297634 0.016911 0.884879 0.897959 0.005471
15.652000 0.018027 0.000000 -0.009544 0.000000 0.355692 0.018001 0.906069 0.912640 0.002362
15.703000 0.015153 0.000000 -0.003971 0.000000 0.393684 0.018339 0.919443 0.921183 0.001852
15.751000 0.012457 0.000000 0.000754 0.000000 0.424555 0.018566 0.930213 0.928230 0.001708
15.802000 0.009714 0.000000 0.005262 0.000000 0.453882 0.018774 0.940403 0.935432 0.001710
15.853000 0.007202 0.000000 0.009288 0.000000 0.480062 0.018960 0.949470 0.942352 0.001836
15.901000 0.005132 0.000000 0.012671 0.000000 0.502072 0.019115 0.957071 0.948385 0.002060
15.952000 0.003326 0.000000 0.015870 0.000000 0.522882 0.019261 0.964240 0.954468 0.002358
16.002000 0.002021 0.000000 0.018640 0.000000 0.541236 0.019390 0.970549 0.960045 0.002704
16.052000 0.001240 0.000000 0.021075 0.000000 0.556870 0.019495 0.976016 0.964702 0.003046
16.102000 0.001087 0.000000 0.022953 0.000000 0.368121 0.010736 -0.635787 1.116305 0.097027
16.152000 0.002776 0.000000 0.018337 0.000000 -0.232537 -0.014594 -0.861359 -0.932264 0.017639
16.202000 0.005263 0.000000 0.011970 0.000000 -0.336065 -0.017633 -0.899311 -0.919246 0.003724
16.252000 0.007965 0.000000 0.006001 0.000000 -0.381557 -0.018211 -0.915404 -0.927772 0.002397
16.302000 0.010699 0.000000 0.000611 0.000000 -0.417262 -0.018494 -0.927861 -0.932741 0.002017
16.352000 0.013339 0.000000 -0.004227 0.000000 -0.448740 -0.018722 -0.938785 -0.937853 0.001918
16.402000 0.015775 0.000000 -0.008557 0.000000 -0.476861 -0.018923 -0.948508 -0.942798 0.001983
16.452000 0.017909 0.000000 -0.012421 0.000000 -0.501953 -0.019101 -0.957157 -0.947531 0.002177
16.502000 0.019653 0.000000 -0.015856 0.000000 -0.524262 -0.019259 -0.964825 -0.951435 0.002516
16.552000 0.020930 0.000000 -0.018896 0.000000 -0.543999 -0.019399 -0.971591 -0.955494 0.002894
16.602000 0.021672 0.000000 -0.021570 0.000000 -0.561353 -0.019522 -0.977527 -0.959204 0.003315
16.652000 0.021698 0.000000 -0.023313 0.000000 -0.244800 -0.005172 0.682374 -0.570405 0.040655
16.702000 0.019847 0.000000 -0.018436 0.000000 0.244468 0.015194 0.865936 0.862522 0.012800
16.752000 0.017288 0.000000 -0.012268 0.000000 0.334375 0.017681 0.898790 0.911249 0.003149
16.802000 0.014511 0.000000 -0.006521 0.000000 0.377086 0.018189 0.913877 0.925289 0.002098
16.852000 0.011685 0.000000 -0.001332 0.000000 0.411348 0.018456 0.925831 0.932992 0.001782
16.902000 0.008930 0.000000 0.003329 0.000000 0.441673 0.018676 0.936361 0.939188 0.001671
16.952000 0.006353 0.000000 0.007505 0.000000 0.468804 0.018869 0.945749 0.944929 0.001712
17.002000 0.004048 0.000000 0.011236 0.000000 0.493047 0.019042 0.954112 0.950071 0.001863
17.052000 0.002100 0.000000 0.014558 0.000000 0.514635 0.019195 0.961539 0.954653 0.002098
17.102000 0.000583 0.000000 0.017503 0.000000 0.533769 0.019330 0.968106 0.958577 0.002407
17.152000 -0.000435 0.000000 0.020100 0.000000 0.550631 0.019450 0.973880 0.962131 0.002741
17.202000 -0.000897 0.000000 0.022374 0.000000 0.565381 0.019554 0.978922 0.965233 0.003093
17.252000 -0.000071 0.000000 0.020931 0.000000 -0.105510 -0.009627 -0.813918 -0.867591 0.044293
17.302000 0.002206 0.000000 0.014755 0.000000 -0.305897 -0.016974 -0.888419 -0.908791 0.005000
17.352000 0.004847 0.000000 0.008575 0.000000 -0.363450 -0.018033 -0.909046 -0.925209 0.002631
17.402000 0.007587 0.000000 0.002950 0.000000 -0.401836 -0.018379 -0.922492 -0.932135 0.002169
17.452000 0.010288 0.000000 -0.002108 0.000000 -0.434859 -0.018623 -0.933975 -0.937459 0.002005
17.502000 0.012833 0.000000 -0.006639 0.000000 -0.464302 -0.018834 -0.944172 -0.941956 0.002005
17.552000 0.015120 0.000000 -0.010689 0.000000 -0.490605 -0.019021 -0.953251 -0.946485 0.002139
17.602000 0.017056 0.000000 -0.014296 0.000000 -0.514033 -0.019187 -0.961313 -0.950665 0.002374
17.652000 0.018562 0.000000 -0.017496 0.000000 -0.534810 -0.019334 -0.968445 -0.954483 0.002684
17.702000 0.019564 0.000000 -0.020319 0.000000 -0.553134 -0.019464 -0.974719 -0.957311 0.003109
17.752000 0.019998 0.000000 -0.022794 0.000000 -0.569182 -0.019578 -0.980202 -0.960334 0.003516
17.802000 0.019044 0.000000 -0.021088 0.000000 0.125930 0.010606 0.821692 0.888523 0.032813
17.852000 0.016710 0.000000 -0.015030 0.000000 0.305501 0.017065 0.888370 0.895892 0.004949
17.902000 0.014018 0.000000 -0.009031 0.000000 0.359701 0.018019 0.907767 0.920119 0.002274
17.952000 0.011212 0.000000 -0.003574 0.000000 0.396769 0.018347 0.920751 0.929426 0.001835
18.002000 0.008427 0.000000 0.001336 0.000000 0.428816 0.018583 0.931900 0.936307 0.001687
18.052000 0.005775 0.000000 0.005739 0.000000 0.457430 0.018788 0.941815 0.942370 0.001693
18.102000 0.003355 0.000000 0.009678 0.000000 0.483020 0.018970 0.950655 0.947676 0.001825
18.152000 0.001257 0.000000 0.013191 0.000000 0.505844 0.019132 0.958515 0.952534 0.002044
18.202000 -0.000439 0.000000 0.016311 0.000000 0.526116 0.019276 0.965479 0.956852 0.002329
18.252000 -0.001664 0.000000 0.019068 0.000000 0.544026 0.019403 0.971618 0.960664 0.002657
18.302000 -0.002355 0.000000 0.021491 0.000000 0.559746 0.019514 0.976995 0.963939 0.003023
18.352000 -0.002272 0.000000 0.022679 0.000000 0.162569 0.001749 -0.713197 0.542758 0.022619
18.402000 -0.000346 0.000000 0.017342 0.000000 -0.261043 -0.015620 -0.871949 -0.898292 0.008676
18.452000 0.002200 0.000000 0.011029 0.000000 -0.344395 -0.017783 -0.902299 -0.920460 0.003036
18.502000 0.004923 0.000000 0.005186 0.000000 -0.386912 -0.018260 -0.917284 -0.928776 0.002238
18.552000 0.007660 0.000000 -0.000082 0.000000 -0.421591 -0.018527 -0.929370 -0.934391 0.002023
18.602000 0.010287 0.000000 -0.004808 0.000000 -0.452323 -0.018748 -0.940030 -0.939369 0.001990
18.652000 0.012698 0.000000 -0.009037 0.000000 -0.479788 -0.018944 -0.949522 -0.944001 0.002095
18.702000 0.014797 0.000000 -0.012809 0.000000 -0.504288 -0.019118 -0.957964 -0.947925 0.002334
18.752000 0.016498 0.000000 -0.016161 0.000000 -0.526059 -0.019273 -0.965444 -0.951824 0.002645
18.802000 0.017727 0.000000 -0.019126 0.000000 -0.545308 -0.019409 -0.972042 -0.955364 0.003016
18.852000 0.018415 0.000000 -0.021733 0.000000 -0.562219 -0.019529 -0.977826 -0.958542 0.003422
18.902000 0.018301 0.000000 -0.022984 0.000000 -0.146241 -0.000921 0.719444 0.163635 0.018315
18.950000 0.016433 0.000000 -0.017977 0.000000 0.253905 0.015493 0.869408 0.866681 0.015446
19.000000 0.013866 0.000000 -0.011793 0.000000 0.338319 0.017734 0.900186 0.912317 0.003561
19.050000 0.011097 0.000000 -0.006055 0.000000 0.380364 0.018215 0.915019 0.925572 0.002253
19.100000 0.008291 0.000000 -0.000877 0.000000 0.414487 0.018479 0.926919 0.932920 0.001834
19.150000 0.005568 0.000000 0.003772 0.000000 0.444728 0.018697 0.937416 0.939345 0.001711
19.200000 0.003033 0.000000 0.007936 0.000000 0.471781 0.018890 0.946774 0.945094 0.001768
19.250000 0.000781 0.000000 0.011655 0.000000 0.495943 0.019062 0.955106 0.950248 0.001962
19.300000 -0.001104 0.000000 0.014964 0.000000 0.517446 0.019214 0.962502 0.954711 0.002274
19.350000 -0.002547 0.000000 0.017896 0.000000 0.536493 0.019349 0.969037 0.958765 0.002645
19.400000 -0.003482 0.000000 0.020480 0.000000 0.553264 0.019468 0.974778 0.962329 0.003057
19.450000 -0.003851 0.000000 0.022740 0.000000 0.567920 0.019572 0.979786 0.965439 0.003486
19.500000 -0.002691 0.000000 0.020093 0.000000 -0.164501 -0.012030 -0.836019 -0.896573 0.032367
19.550000 -0.000319 0.000000 0.013826 0.000000 -0.317611 -0.017275 -0.892686 -0.930060 0.005080
19.600000 0.002354 0.000000 0.007750 0.000000 -0.369271 -0.018099 -0.911102 -0.935271 0.002650
19.650000 0.005105 0.000000 0.002240 0.000000 -0.406349 -0.018414 -0.924069 -0.938187 0.002123
19.700000 0.007801 0.000000 -0.002711 0.000000 -0.438627 -0.018650 -0.935285 -0.940247 0.001924
19.750000 0.010328 0.000000 -0.007147 0.000000 -0.467442 -0.018856 -0.945260 -0.942745 0.001931
19.800000 0.012586 0.000000 -0.011110 0.000000 -0.493180 -0.019040 -0.954141 -0.945165 0.002085
19.850000 0.014486 0.000000 -0.014638 0.000000 -0.516097 -0.019202 -0.962025 -0.947471 0.002351
19.900000 0.015947 0.000000 -0.017766 0.000000 -0.536409 -0.019346 -0.968995 -0.948982 0.002743
19.950000 0.016899 0.000000 -0.020524 0.000000 -0.554311 -0.019473 -0.975124 -0.950908 0.003158
20.000000 0.017280 0.000000 -0.022940 0.000000 -0.569974 -0.019584 -0.980475 -0.952663 0.003599
20.050000 0.016153 0.000000 -0.020581 0.000000 0.154950 0.011756 0.832537 0.243102 0.024336
20.100000 0.013771 0.000000 -0.014442 0.000000 0.312255 0.017216 0.890810 0.862321 0.004236
20.150000 0.011065 0.000000 -0.008459 0.000000 0.363865 0.018060 0.909228 0.919073 0.002286
20.200000 0.008261 0.000000 -0.003027 0.000000 0.400499 0.018374 0.922048 0.936210 0.001888
20.250000 0.005491 0.000000 0.001858 0.000000 0.432355 0.018608 0.933125 0.947397 0.001755
20.300000 0.002866 0.000000 0.006237 0.000000 0.460810 0.018811 0.942981 0.956012 0.001779
20.350000 0.000486 0.000000 0.010153 0.000000 0.486252 0.018993 0.951766 0.962839 0.001923
20.400000 -0.001560 0.000000 0.013643 0.000000 0.508931 0.019154 0.959574 0.968196 0.002158
20.450000 -0.003195 0.000000 0.016742 0.000000 0.529062 0.019296 0.966487 0.972373 0.002459
20.500000 -0.004347 0.000000 0.019479 0.000000 0.546834 0.019422 0.972577 0.975490 0.002824
20.550000 -0.004955 0.000000 0.021881 0.000000 0.562417 0.019532 0.977906 0.977969 0.003194
20.600000 -0.004620 0.000000 0.022245 0.000000 0.038540 -0.003611 -0.759864 -0.151191 0.023151
20.650000 -0.002534 0.000000 0.016510 0.000000 -0.279533 -0.016241 -0.878787 -0.926919 0.009338
20.700000 0.000059 0.000000 0.010258 0.000000 -0.350698 -0.017882 -0.904547 -0.932119 0.002916
20.750000 0.002804 0.000000 0.004515 0.000000 -0.391280 -0.018297 -0.918815 -0.936016 0.002180
20.800000 0.005546 0.000000 -0.000657 0.000000 -0.425201 -0.018554 -0.930627 -0.938805 0.001952
20.850000 0.008167 0.000000 -0.005296 0.000000 -0.455353 -0.018770 -0.941081 -0.941396 0.001925
20.900000 0.010561 0.000000 -0.009445 0.000000 -0.482304 -0.018962 -0.950393 -0.943390 0.002062
20.950000 0.012634 0.000000 -0.013145 0.000000 -0.506340 -0.019133 -0.958672 -0.945698 0.002312
21.000000 0.014303 0.000000 -0.016432 0.000000 -0.527689 -0.019285 -0.966006 -0.947855 0.002647
21.050000 0.015494 0.000000 -0.019338 0.000000 -0.546555 -0.019418 -0.972471 -0.949846 0.003040
21.100000 0.016140 0.000000 -0.021891 0.000000 -0.563118 -0.019535 -0.978135 -0.960878 0.003215
21.150000 0.015910 0.000000 -0.022741 0.000000 -0.087463 0.001602 0.741544 -0.219245 0.030239
21.200000 0.013872 0.000000 -0.017261 0.000000 0.269121 0.015987 0.875019 0.792624 0.008229
21.250000 0.011271 0.000000 -0.011081 0.000000 0.344204 0.017818 0.902274 0.909461 0.002704
21.300000 0.008494 0.000000 -0.005383 0.000000 0.384974 0.018252 0.916628 0.930246 0.001971
21.350000 0.005696 0.000000 -0.000247 0.000000 0.418718 0.018509 0.928388 0.941094 0.001776
21.400000 0.002996 0.000000 0.004363 0.000000 0.448694 0.018725 0.938788 0.949314 0.001758
21.450000 0.000499 0.000000 0.008491 0.000000 0.475507 0.018916 0.948058 0.955904 0.001869
21.500000 -0.001702 0.000000 0.012175 0.000000 0.499445 0.019086 0.956310 0.961076 0.002098
21.550000 -0.003524 0.000000 0.015452 0.000000 0.520735 0.019237 0.963629 0.965340 0.002393
21.600000 -0.004893 0.000000 0.018353 0.000000 0.539578 0.019371 0.970091 0.968755 0.002739
21.650000 -0.005743 0.000000 0.020906 0.000000 0.556153 0.019488 0.975764 0.971481 0.003113
21.700000 -0.006009 0.000000 0.023106 0.000000 0.540825 0.018283 -0.586536 0.936417 0.001902
21.750000 -0.004509 0.000000 0.019221 0.000000 -0.207718 -0.013729 -0.852170 -0.752554 0.024856
21.800000 -0.002058 0.000000 0.012920 0.000000 -0.327476 -0.017497 -0.896257 -0.942853 0.004041
21.850000 0.000646 0.000000 0.006943 0.000000 -0.374833 -0.018156 -0.913060 -0.950021 0.002435
21.900000 0.003408 0.000000 0.001537 0.000000 -0.410840 -0.018449 -0.925635 -0.950278 0.001997
21.950000 0.006098 0.000000 -0.003318 0.000000 -0.442456 -0.018678 -0.936615 -0.950471 0.001859
22.000000 0.008606 0.000000 -0.007667 0.000000 -0.470703 -0.018880 -0.946389 -0.950073 0.001893
22.050000 0.010834 0.000000 -0.011551 0.000000 -0.495928 -0.019059 -0.955090 -0.949291 0.002064
22.100000 0.012695 0.000000 -0.015007 0.000000 -0.518378 -0.019219 -0.962811 -0.947350 0.002374
22.150000 0.014109 0.000000 -0.018069 0.000000 -0.538265 -0.019360 -0.969633 -0.946110 0.002744
22.200000 0.015008 0.000000 -0.020767 0.000000 -0.555778 -0.019484 -0.975627 -0.944832 0.003163
22.250000 0.015331 0.000000 -0.023129 0.000000 -0.571087 -0.019592 -0.980857 -0.943575 0.003608
22.300000 0.013993 0.000000 -0.019954 0.000000 0.185265 0.012936 0.843854 0.407106 0.017877
22.350000 0.011565 0.000000 -0.013754 0.000000 0.319676 0.017374 0.893485 0.881782 0.004024
22.400000 0.008849 0.000000 -0.007807 0.000000 0.368514 0.018104 0.910859 0.927676 0.002308
22.450000 0.006053 0.000000 -0.002418 0.000000 0.404592 0.018405 0.923471 0.942255 0.001904
22.500000 0.003305 0.000000 0.002425 0.000000 0.436151 0.018635 0.934439 0.951524 0.001753
22.550000 0.000716 0.000000 0.006766 0.000000 0.464353 0.018836 0.944204 0.958515 0.001770
22.600000 -0.001616 0.000000 0.010646 0.000000 0.489559 0.019016 0.952904 0.963709 0.001907
22.650000 -0.003603 0.000000 0.014103 0.000000 0.512016 0.019175 0.960633 0.967508 0.002136
22.700000 -0.005167 0.000000 0.017169 0.000000 0.531936 0.019316 0.967472 0.969960 0.002455
22.750000 -0.006238 0.000000 0.019875 0.000000 0.549508 0.019441 0.973490 0.971837 0.002801
22.800000 -0.006756 0.000000 0.022248 0.000000 0.564898 0.019550 0.978752 0.973092 0.003169
22.850000 -0.006126 0.000000 0.021595 0.000000 -0.056384 -0.007637 -0.795531 0.179390 0.041244
22.900000 -0.003907 0.000000 0.015593 0.000000 -0.295284 -0.016720 -0.884576 -0.965350 0.005442
22.950000 -0.001271 0.000000 0.009414 0.000000 -0.357152 -0.017969 -0.906837 -0.967632 0.002615
23.000000 0.001490 0.000000 0.003772 0.000000 -0.396123 -0.018337 -0.920508 -0.962814 0.002110
23.050000 0.004232 0.000000 -0.001305 0.000000 -0.429326 -0.018584 -0.932062 -0.958353 0.001934
23.100000 0.006838 0.000000 -0.005857 0.000000 -0.458908 -0.018796 -0.942313 -0.952734 0.001922
23.150000 0.009205 0.000000 -0.009928 0.000000 -0.485349 -0.018984 -0.951445 -0.948168 0.002043
23.200000 0.011241 0.000000 -0.013557 0.000000 -0.508920 -0.019152 -0.959561 -0.943715 0.002265
23.250000 0.012864 0.000000 -0.016778 0.000000 -0.529845 -0.019300 -0.966747 -0.939474 0.002564
23.300000 0.014001 0.000000 -0.019625 0.000000 -0.548324 -0.019431 -0.973078 -0.933831 0.002967
23.350000 0.014588 0.000000 -0.022123 0.000000 -0.564532 -0.019546 -0.978619 -0.930051 0.003361
23.400000 0.014175 0.000000 -0.022327 0.000000 -0.012875 0.004781 0.769575 0.269997 0.022472
23.450000 0.012040 0.000000 -0.016592 0.000000 0.281384 0.016363 0.879525 0.793648 0.007268
23.500000 0.009413 0.000000 -0.010429 0.000000 0.349371 0.017886 0.904104 0.917861 0.002535
23.550000 0.006631 0.000000 -0.004776 0.000000 0.389096 0.018285 0.918066 0.938930 0.001955
23.600000 0.003842 0.000000 0.000317 0.000000 0.422475 0.018536 0.929691 0.949805 0.001776
23.650000 0.001166 0.000000 0.004886 0.000000 0.452178 0.018749 0.939992 0.957525 0.001762
23.700000 -0.001296 0.000000 0.008976 0.000000 0.478744 0.018939 0.949174 0.962988 0.001885
23.750000 -0.003451 0.000000 0.012625 0.000000 0.502451 0.019107 0.957343 0.967109 0.002101
23.800000 -0.005216 0.000000 0.015868 0.000000 0.523524 0.019257 0.964585 0.970018 0.002388
23.850000 -0.006517 0.000000 0.018738 0.000000 0.542161 0.019389 0.970975 0.972002 0.002724
23.900000 -0.007291 0.000000 0.021262 0.000000 0.558541 0.019504 0.976579 0.972873 0.003124
23.950000 -0.007410 0.000000 0.023117 0.000000 0.324070 0.008739 -0.652435 0.091847 0.018937
24.000000 -0.005668 0.000000 0.018408 0.000000 -0.236576 -0.014808 -0.862917 -0.895002 0.010251
24.050000 -0.003159 0.000000 0.012113 0.000000 -0.335208 -0.017649 -0.899037 -0.969101 0.003171
24.100000 -0.000434 0.000000 0.006224 0.000000 -0.379699 -0.018201 -0.914768 -0.961479 0.002191
24.150000 0.002331 0.000000 0.000906 0.000000 -0.414884 -0.018479 -0.927044 -0.957091 0.001956
24.200000 0.005011 0.000000 -0.003868 0.000000 -0.445947 -0.018704 -0.937827 -0.952683 0.001911
24.250000 0.007497 0.000000 -0.008142 0.000000 -0.473712 -0.018902 -0.947430 -0.948201 0.002002
24.300000 0.009692 0.000000 -0.011958 0.000000 -0.498500 -0.019078 -0.955976 -0.942435 0.002229
24.350000 0.011511 0.000000 -0.015353 0.000000 -0.520550 -0.019234 -0.963558 -0.938061 0.002529
24.400000 0.012876 0.000000 -0.018359 0.000000 -0.540072 -0.019373 -0.970253 -0.933946 0.002889
24.450000 0.013720 0.000000 -0.021006 0.000000 -0.557251 -0.019494 -0.976132 -0.930144 0.003287
24.500000 0.013971 0.000000 -0.023263 0.000000 -0.506580 -0.016720 0.585974 -0.960140 0.005193
24.550000 0.012429 0.000000 -0.019317 0.000000 0.210546 0.013894 0.853274 0.450034 0.019257
24.600000 0.009958 0.000000 -0.013083 0.000000 0.326399 0.017507 0.895901 0.864405 0.004145
24.650000 0.007231 0.000000 -0.007179 0.000000 0.372910 0.018145 0.912399 0.914469 0.002391
24.700000 0.004440 0.000000 -0.001838 0.000000 0.408456 0.018433 0.924815 0.933821 0.001929
24.750000 0.001712 0.000000 0.002961 0.000000 0.439701 0.018660 0.935669 0.947212 0.001797
24.800000 -0.000846 0.000000 0.007260 0.000000 0.467630 0.018860 0.945336 0.957746 0.001846
24.850000 -0.003134 0.000000 0.011101 0.000000 0.492584 0.019037 0.953945 0.966129 0.002034
24.900000 -0.005067 0.000000 0.014521 0.000000 0.514805 0.019195 0.961590 0.972766 0.002358
24.950000 -0.006567 0.000000 0.017554 0.000000 0.534503 0.019334 0.968350 0.978044 0.002736
25.000000 -0.007566 0.000000 0.020228 0.000000 0.551864 0.019457 0.974295 0.982200 0.003158
25.050000 -0.008002 0.000000 0.022570 0.000000 0.567056 0.019565 0.979487 0.985455 0.003602
25.100000 -0.007088 0.000000 0.020896 0.000000 -0.120599 -0.010299 -0.819618 -0.420109 0.024880
25.150000 -0.004774 0.000000 0.014747 0.000000 -0.307220 -0.017046 -0.888937 -0.967243 0.004955
25.200000 -0.002106 0.000000 0.008641 0.000000 -0.362807 -0.018036 -0.908836 -0.964270 0.002609
25.250000 0.000664 0.000000 0.003088 0.000000 -0.400569 -0.018372 -0.922060 -0.960060 0.002116
25.300000 0.003398 0.000000 -0.001905 0.000000 -0.433164 -0.018612 -0.933395 -0.954894 0.001919
25.350000 0.005984 0.000000 -0.006381 0.000000 -0.462245 -0.018820 -0.943468 -0.951088 0.001909
25.400000 0.008320 0.000000 -0.010382 0.000000 -0.488235 -0.019005 -0.952441 -0.947323 0.002030
25.450000 0.010314 0.000000 -0.013948 0.000000 -0.511394 -0.019170 -0.960413 -0.943692 0.002256
25.500000 0.011887 0.000000 -0.017111 0.000000 -0.531943 -0.019315 -0.967468 -0.938712 0.002604
25.550000 0.012966 0.000000 -0.019904 0.000000 -0.550076 -0.019444 -0.973678 -0.935384 0.002976
25.600000 0.013490 0.000000 -0.022354 0.000000 -0.565966 -0.019556 -0.979110 -0.932352 0.003378
25.650000 0.012861 0.000000 -0.021770 0.000000 0.054871 0.007627 0.795008 -0.062244 0.018605
25.700000 0.010638 0.000000 -0.015829 0.000000 0.293380 0.016707 0.883917 0.683660 0.004669
25.750000 0.007990 0.000000 -0.009703 0.000000 0.354903 0.017954 0.906059 0.837912 0.002296
25.800000 0.005209 0.000000 -0.004108 0.000000 0.393573 0.018320 0.919627 0.880052 0.001924
25.850000 0.002437 0.000000 0.000929 0.000000 0.426515 0.018565 0.931093 0.907299 0.001825
25.900000 -0.000208 0.000000 0.005446 0.000000 0.455874 0.018776 0.941270 0.930921 0.001868
25.950000 -0.002627 0.000000 0.009487 0.000000 0.482126 0.018963 0.950340 0.950424 0.002021
26.000000 -0.004725 0.000000 0.013091 0.000000 0.505542 0.019129 0.958405 0.967265 0.002258
26.050000 -0.006423 0.000000 0.016293 0.000000 0.526342 0.019276 0.965551 0.981784 0.002557
26.100000 -0.007648 0.000000 0.019124 0.000000 0.544724 0.019407 0.971852 0.995142 0.002942
26.150000 -0.008336 0.000000 0.021611 0.000000 0.560863 0.019521 0.977372 1.005901 0.003316
26.200000 -0.008240 0.000000 0.022824 0.000000 0.157448 0.001475 -0.715167 0.660411 0.031449
26.250000 -0.006297 0.000000 0.017517 0.000000 -0.260275 -0.015641 -0.871705 -0.939403 0.008721
26.300000 -0.003735 0.000000 0.011252 0.000000 -0.342698 -0.017775 -0.901714 -0.964111 0.002847
26.350000 -0.000988 0.000000 0.005452 0.000000 -0.384864 -0.018246 -0.916577 -0.960158 0.002151
26.400000 0.001779 0.000000 0.000223 0.000000 -0.419289 -0.018511 -0.928577 -0.956416 0.001948
26.450000 0.004446 0.000000 -0.004470 0.000000 -0.449807 -0.018731 -0.939165 -0.952542 0.001918
26.500000 0.006906 0.000000 -0.008671 0.000000 -0.477091 -0.018926 -0.948598 -0.947275 0.002033
26.550000 0.009063 0.000000 -0.012419 0.000000 -0.501442 -0.019099 -0.956990 -0.943263 0.002252
26.600000 0.010834 0.000000 -0.015752 0.000000 -0.523091 -0.019253 -0.964431 -0.939397 0.002551
26.650000 0.012142 0.000000 -0.018701 0.000000 -0.542245 -0.019388 -0.970998 -0.935753 0.002907
26.700000 0.012921 0.000000 -0.021297 0.000000 -0.559085 -0.019507 -0.976760 -0.929539 0.003068
26.750000 0.013053 0.000000 -0.023259 0.000000 -0.343565 -0.009550 0.645130 -0.155086 0.028049
26.800000 0.011322 0.000000 -0.018671 0.000000 0.232561 0.014707 0.861462 0.444469 0.008978
26.850000 0.008804 0.000000 -0.012422 0.000000 0.332675 0.017623 0.898151 0.825938 0.002816
26.900000 0.006058 0.000000 -0.006565 0.000000 0.377149 0.018183 0.913884 0.884329 0.002000
26.950000 0.003264 0.000000 -0.001275 0.000000 0.412180 0.018460 0.926110 0.909432 0.001840
27.000000 0.000545 0.000000 0.003476 0.000000 0.443099 0.018684 0.936846 0.928393 0.001848
27.050000 -0.001991 0.000000 0.007732 0.000000 0.470744 0.018882 0.946410 0.944132 0.001975
27.100000 -0.004247 0.000000 0.011532 0.000000 0.495436 0.019057 0.954927 0.957776 0.002226
27.150000 -0.006137 0.000000 0.014915 0.000000 0.517414 0.019213 0.962486 0.968933 0.002536
27.200000 -0.007585 0.000000 0.017913 0.000000 0.536885 0.019351 0.969166 0.978315 0.002897
27.250000 -0.008524 0.000000 0.020555 0.000000 0.554033 0.019472 0.975036 0.986190 0.003289
27.300000 -0.008893 0.000000 0.022866 0.000000 0.569024 0.019578 0.980159 0.991587 0.003402
27.350000 -0.007728 0.000000 0.020265 0.000000 -0.163101 -0.012020 -0.835534 -0.484231 0.027611
27.400000 -0.005347 0.000000 0.014039 0.000000 -0.315951 -0.017264 -0.892111 -0.954685 0.004669
27.450000 -0.002658 0.000000 0.007998 0.000000 -0.367384 -0.018086 -0.910449 -0.961836 0.002484
27.500000 0.000116 0.000000 0.002519 0.000000 -0.404265 -0.018400 -0.923349 -0.958635 0.001991
27.550000 0.002842 0.000000 -0.002406 0.000000 -0.436374 -0.018635 -0.934510 -0.956110 0.001846
27.600000 0.005408 0.000000 -0.006820 0.000000 -0.465047 -0.018840 -0.944438 -0.952915 0.001874
27.650000 0.007714 0.000000 -0.010764 0.000000 -0.490668 -0.019023 -0.953280 -0.949326 0.002036
27.700000 0.009670 0.000000 -0.014277 0.000000 -0.513490 -0.019185 -0.961134 -0.944112 0.002338
27.750000 0.011198 0.000000 -0.017393 0.000000 -0.533729 -0.019328 -0.968081 -0.940209 0.002695
27.800000 0.012226 0.000000 -0.020143 0.000000 -0.551578 -0.019454 -0.974193 -0.936442 0.003100
27.850000 0.012693 0.000000 -0.022553 0.000000 -0.567207 -0.019565 -0.979535 -0.932898 0.003530
27.900000 0.011865 0.000000 -0.021230 0.000000 0.102905 0.009610 0.813018 -0.211387 0.020807
27.950000 0.009576 0.000000 -0.015161 0.000000 0.302604 0.016952 0.887280 0.744892 0.004342
28.000000 0.006911 0.000000 -0.009075 0.000000 0.359551 0.018007 0.907698 0.861798 0.002299
28.050000 0.004131 0.000000 -0.003532 0.000000 0.397409 0.018349 0.920965 0.894858 0.001934
28.100000 0.001375 0.000000 0.001454 0.000000 0.429975 0.018590 0.932294 0.917302 0.001825
28.150000 -0.001243 0.000000 0.005925 0.000000 0.459028 0.018798 0.942360 0.934982 0.001870
28.200000 -0.003623 0.000000 0.009923 0.000000 0.485001 0.018983 0.951330 0.949857 0.002026
28.250000 -0.005673 0.000000 0.013487 0.000000 0.508157 0.019147 0.959304 0.962417 0.002269
28.300000 -0.007314 0.000000 0.016652 0.000000 0.528715 0.019293 0.966365 0.973428 0.002615
28.350000 -0.008473 0.000000 0.019448 0.000000 0.546871 0.019422 0.972586 0.982403 0.002976
28.400000 -0.009087 0.000000 0.021903 0.000000 0.562796 0.019534 0.978032 0.989952 0.003359
28.450000 -0.008765 0.000000 0.022354 0.000000 0.044180 -0.003398 -0.757769 0.482021 0.036109
28.500000 -0.006683 0.000000 0.016675 0.000000 -0.277719 -0.016210 -0.878143 -0.887180 0.007320
28.550000 -0.004085 0.000000 0.010456 0.000000 -0.349128 -0.017870 -0.904002 -0.891317 0.002816
28.600000 -0.001330 0.000000 0.004740 0.000000 -0.389585 -0.018286 -0.918229 -0.888508 0.002110
28.650000 0.001429 0.000000 -0.000408 0.000000 -0.423361 -0.018541 -0.929993 -0.886348 0.001879
28.700000 0.004074 0.000000 -0.005027 0.000000 -0.453387 -0.018757 -0.940405 -0.883237 0.001844
28.750000 0.006499 0.000000 -0.009160 0.000000 -0.480232 -0.018948 -0.949682 -0.881116 0.001966
28.800000 0.008610 0.000000 -0.012847 0.000000 -0.504180 -0.019119 -0.957933 -0.879167 0.002204
28.850000 0.010326 0.000000 -0.016123 0.000000 -0.525460 -0.019269 -0.965245 -0.877408 0.002529
28.900000 0.011571 0.000000 -0.019020 0.000000 -0.544274 -0.019403 -0.971694 -0.873694 0.002977
28.950000 0.012280 0.000000 -0.021567 0.000000 -0.560800 -0.019520 -0.977347 -0.872051 0.003415
29.000000 0.012230 0.000000 -0.022960 0.000000 -0.184425 -0.002621 0.705036 0.410526 0.037167
29.050000 0.010322 0.000000 -0.017786 0.000000 0.255484 0.015503 0.869955 0.543833 0.007534
29.100000 0.007766 0.000000 -0.011551 0.000000 0.340226 0.017747 0.900846 0.845485 0.002500
29.150000 0.005016 0.000000 -0.005769 0.000000 0.382559 0.018229 0.915777 0.892270 0.001962
29.200000 0.002237 0.000000 -0.000552 0.000000 0.416931 0.018495 0.927762 0.915592 0.001843
29.250000 -0.000449 0.000000 0.004131 0.000000 0.447386 0.018715 0.938331 0.933513 0.001871
29.300000 -0.002938 0.000000 0.008323 0.000000 0.474620 0.018909 0.947748 0.948736 0.002029
29.350000 -0.005133 0.000000 0.012065 0.000000 0.498932 0.019082 0.956130 0.961099 0.002268
29.400000 -0.006951 0.000000 0.015394 0.000000 0.520558 0.019235 0.963565 0.971412 0.002575
29.450000 -0.008315 0.000000 0.018342 0.000000 0.539701 0.019371 0.970130 0.980006 0.002927
29.500000 -0.009160 0.000000 0.020937 0.000000 0.556543 0.019490 0.975894 1.010415 0.003107
29.550000 -0.009418 0.000000 0.023166 0.000000 0.529507 0.017763 -0.586321 0.797510 0.002583
29.600000 -0.007901 0.000000 0.019268 0.000000 -0.208521 -0.013783 -0.852490 -0.822588 0.012809
29.650000 -0.005439 0.000000 0.012996 0.000000 -0.326934 -0.017499 -0.896075 -0.866054 0.003670
29.700000 -0.002722 0.000000 0.007050 0.000000 -0.373970 -0.018151 -0.912763 -0.870645 0.002217
29.750000 0.000055 0.000000 0.001670 0.000000 -0.409790 -0.018442 -0.925274 -0.873337 0.001909
29.800000 0.002764 0.000000 -0.003162 0.000000 -0.441253 -0.018670 -0.936202 -0.875784 0.001840
29.850000 0.005297 0.000000 -0.007490 0.000000 -0.469369 -0.018871 -0.945932 -0.878200 0.001931
29.900000 0.007554 0.000000 -0.011356 0.000000 -0.494484 -0.019050 -0.954595 -0.879441 0.002181
29.950000 0.009448 0.000000 -0.014797 0.000000 -0.516840 -0.019208 -0.962286 -0.881468 0.002516
30.000000 0.010903 0.000000 -0.017848 0.000000 -0.536651 -0.019349 -0.969083 -0.883404 0.002923
30.050000 0.011847 0.000000 -0.020536 0.000000 -0.554104 -0.019472 -0.975057 -0.885223 0.003373
30.100000 0.012222 0.000000 -0.022890 0.000000 -0.569366 -0.019580 -0.980272 -0.894526 0.003533
30.150000 0.011081 0.000000 -0.020426 0.000000 0.158178 0.011850 0.833714 0.475780 0.036190
30.200000 0.008700 0.000000 -0.014236 0.000000 0.314085 0.017236 0.891450 0.701858 0.003997
30.250000 0.006003 0.000000 -0.008215 0.000000 0.365752 0.018073 0.909882 0.813011 0.002304
30.300000 0.003214 0.000000 -0.002750 0.000000 0.402575 0.018388 0.922765 0.860414 0.001921
30.350000 0.000468 0.000000 0.002162 0.000000 0.434607 0.018623 0.933901 0.894294 0.001822
30.400000 -0.002125 0.000000 0.006565 0.000000 0.463215 0.018828 0.943808 0.924291 0.001873
30.450000 -0.004464 0.000000 0.010501 0.000000 0.488784 0.019010 0.952634 0.951259 0.002045
30.500000 -0.006461 0.000000 0.014008 0.000000 0.511567 0.019171 0.960476 0.977214 0.002346
30.550000 -0.008036 0.000000 0.017120 0.000000 0.531779 0.019315 0.967415 0.998892 0.002699
30.600000 -0.009119 0.000000 0.019866 0.000000 0.549613 0.019441 0.973524 1.018075 0.003099
30.650000 -0.009648 0.000000 0.022275 0.000000 0.565238 0.019552 0.978865 1.034922 0.003524
30.700000 -0.009045 0.000000 0.021747 0.000000 -0.048344 -0.007326 -0.792534 -0.163308 0.025846
30.750000 -0.006835 0.000000 0.015790 0.000000 -0.293091 -0.016677 -0.883791 -0.858254 0.006435
30.800000 -0.004196 0.000000 0.009628 0.000000 -0.355524 -0.017955 -0.906269 -0.868883 0.002777
30.850000 -0.001427 0.000000 0.003997 0.000000 -0.394496 -0.018325 -0.919944 -0.873208 0.002116
30.900000 0.001330 0.000000 -0.001071 0.000000 -0.427649 -0.018572 -0.931483 -0.876063 0.001865
30.950000 0.003956 0.000000 -0.005616 0.000000 -0.457185 -0.018784 -0.941720 -0.879030 0.001840
31.000000 0.006350 0.000000 -0.009681 0.000000 -0.483590 -0.018972 -0.950841 -0.881928 0.001969
31.050000 0.008419 0.000000 -0.013306 0.000000 -0.507136 -0.019140 -0.958950 -0.884724 0.002220
31.100000 0.010081 0.000000 -0.016525 0.000000 -0.528047 -0.019288 -0.966133 -0.886089 0.002610
31.150000 0.011264 0.000000 -0.019370 0.000000 -0.546520 -0.019419 -0.972463 -0.888346 0.003032
31.200000 0.011904 0.000000 -0.021869 0.000000 -0.562732 -0.019533 -0.978007 -0.890434 0.003488
31.250000 0.011653 0.000000 -0.022593 0.000000 -0.075536 0.002082 0.746001 1.272653 0.133785
31.300000 0.009608 0.000000 -0.017037 0.000000 0.271978 0.016050 0.876047 0.577718 0.006967
31.350000 0.007014 0.000000 -0.010827 0.000000 0.346214 0.017836 0.902976 0.774215 0.002758
31.400000 0.004252 0.000000 -0.005107 0.000000 0.387014 0.018266 0.917334 0.833665 0.002076
31.450000 0.001477 0.000000 0.000048 0.000000 0.420864 0.018524 0.929128 0.870947 0.001852
31.500000 -0.001192 0.000000 0.004673 0.000000 0.450937 0.018740 0.939560 0.904847 0.001806
31.550000 -0.003651 0.000000 0.008813 0.000000 0.477830 0.018932 0.948856 0.933846 0.001905
31.600000 -0.005805 0.000000 0.012508 0.000000 0.501829 0.019102 0.957127 0.960031 0.002112
31.650000 -0.007572 0.000000 0.015792 0.000000 0.523164 0.019254 0.964459 0.983533 0.002400
31.700000 -0.008876 0.000000 0.018698 0.000000 0.542037 0.019387 0.970930 1.006516 0.002793
31.750000 -0.009652 0.000000 0.021254 0.000000 0.558627 0.019505 0.976606 1.025213 0.003185
31.800000 -0.009782 0.000000 0.023182 0.000000 0.342885 0.009546 -0.645364 0.798726 0.029256
31.850000 -0.008053 0.000000 0.018564 0.000000 -0.233438 -0.014713 -0.861766 -0.840440 0.011584
31.900000 -0.005539 0.000000 0.012288 0.000000 -0.333726 -0.017630 -0.898515 -0.863556 0.003114
31.950000 -0.002802 0.000000 0.006408 0.000000 -0.378352 -0.018191 -0.914300 -0.868933 0.002145
32.000000 -0.000021 0.000000 0.001097 0.000000 -0.413514 -0.018469 -0.926570 -0.872313 0.001897
32.051000 0.002733 0.000000 -0.003764 0.000000 -0.444842 -0.018707 -0.937241 -0.875621 0.001856
32.102000 0.005288 0.000000 -0.008108 0.000000 -0.473127 -0.018908 -0.947048 -0.877876 0.001989
32.150000 0.007420 0.000000 -0.011762 0.000000 -0.496895 -0.019076 -0.955264 -0.880504 0.002220
32.201000 0.009308 0.000000 -0.015221 0.000000 -0.519387 -0.019235 -0.963017 -0.883186 0.002555
32.252000 0.010728 0.000000 -0.018277 0.000000 -0.539256 -0.019375 -0.969849 -0.885717 0.002955
32.300000 0.011573 0.000000 -0.020813 0.000000 -0.555735 -0.019490 -0.975504 -0.908567 0.003250
32.351000 0.011887 0.000000 -0.023172 0.000000 -0.571052 -0.019598 -0.980752 -0.913505 0.003718
32.402000 0.010431 0.000000 -0.019559 0.000000 0.198752 0.013456 0.846860 0.513299 0.011626
32.450000 0.008082 0.000000 -0.013537 0.000000 0.321729 0.017434 0.893742 0.736642 0.003656
32.501000 0.005314 0.000000 -0.007448 0.000000 0.370899 0.018143 0.911416 0.828389 0.002161
32.552000 0.002474 0.000000 -0.001950 0.000000 0.407554 0.018440 0.924266 0.867203 0.001868
32.600000 -0.000144 0.000000 0.002704 0.000000 0.437879 0.018659 0.934827 0.896843 0.001803
32.651000 -0.002755 0.000000 0.007138 0.000000 0.466715 0.018864 0.944832 0.925243 0.001883
32.702000 -0.005089 0.000000 0.011091 0.000000 0.492422 0.019045 0.953723 0.952392 0.002109
32.750000 -0.006949 0.000000 0.014408 0.000000 0.513990 0.019197 0.961162 0.974330 0.002398
32.801000 -0.008489 0.000000 0.017536 0.000000 0.534332 0.019340 0.968161 0.995235 0.002769
32.852000 -0.009506 0.000000 0.020288 0.000000 0.552218 0.019466 0.974301 1.013774 0.003182
32.900000 -0.009929 0.000000 0.022559 0.000000 0.566968 0.019570 0.979357 1.025573 0.003313
32.951000 -0.009009 0.000000 0.020900 0.000000 -0.119183 -0.010267 -0.815809 -0.725205 0.039420
33.002000 -0.006638 0.000000 0.014606 0.000000 -0.309248 -0.017136 -0.889105 -0.821972 0.005580
33.050000 -0.004077 0.000000 0.008756 0.000000 -0.361720 -0.018048 -0.908162 -0.849880 0.002605
33.101000 -0.001254 0.000000 0.003104 0.000000 -0.400081 -0.018384 -0.921652 -0.862560 0.001967
33.152000 0.001533 0.000000 -0.001966 0.000000 -0.433181 -0.018625 -0.933190 -0.871933 0.001790
33.200000 0.004015 0.000000 -0.006247 0.000000 -0.461023 -0.018823 -0.942857 -0.880048 0.001823
33.251000 0.006402 0.000000 -0.010318 0.000000 -0.487494 -0.019010 -0.952018 -0.888072 0.002021
33.302000 0.008435 0.000000 -0.013937 0.000000 -0.511029 -0.019176 -0.960139 -0.894837 0.002387
33.350000 0.009951 0.000000 -0.016963 0.000000 -0.530705 -0.019315 -0.966911 -0.901028 0.002794
33.401000 0.011065 0.000000 -0.019805 0.000000 -0.549178 -0.019444 -0.973256 -0.906986 0.003284
33.452000 0.011604 0.000000 -0.022292 0.000000 -0.565325 -0.019558 -0.978791 -0.912308 0.003802
33.500000 0.011038 0.000000 -0.021848 0.000000 0.029412 0.006544 0.780642 0.911550 0.117488
33.551000 0.008791 0.000000 -0.015783 0.000000 0.293259 0.016717 0.883128 0.647227 0.005917
33.602000 0.006099 0.000000 -0.009514 0.000000 0.356125 0.017987 0.906179 0.794485 0.002597
33.650000 0.003443 0.000000 -0.004126 0.000000 0.393265 0.018332 0.919271 0.841430 0.002046
33.701000 0.000634 0.000000 0.001032 0.000000 0.427010 0.018581 0.931047 0.878531 0.001824
33.752000 -0.002041 0.000000 0.005646 0.000000 0.457024 0.018795 0.941473 0.909675 0.001807
33.800000 -0.004340 0.000000 0.009535 0.000000 0.482308 0.018974 0.950228 0.936328 0.001923
33.851000 -0.006456 0.000000 0.013223 0.000000 0.506293 0.019143 0.958509 0.961991 0.002155
33.902000 -0.008152 0.000000 0.016490 0.000000 0.527543 0.019293 0.965826 0.986569 0.002505
33.950000 -0.009295 0.000000 0.019212 0.000000 0.545233 0.019417 0.971905 1.006056 0.002866
34.001000 -0.009963 0.000000 0.021755 0.000000 0.561752 0.019533 0.977570 1.024403 0.003280
34.052000 -0.009716 0.000000 0.022491 0.000000 0.084188 -0.001690 -0.735975 0.298720 0.350148
34.100000 -0.007760 0.000000 0.017123 0.000000 -0.268659 -0.015950 -0.873780 -0.804868 0.008807
34.151000 -0.005129 0.000000 0.010758 0.000000 -0.346561 -0.017860 -0.902752 -0.844853 0.003025
34.202000 -0.002326 0.000000 0.004910 0.000000 -0.388138 -0.018290 -0.917472 -0.859539 0.002145
34.250000 0.000322 0.000000 -0.000053 0.000000 -0.420720 -0.018536 -0.928854 -0.868859 0.001862
34.301000 0.003025 0.000000 -0.004789 0.000000 -0.451535 -0.018756 -0.939566 -0.877684 0.001781
34.352000 0.005506 0.000000 -0.009017 0.000000 -0.479026 -0.018950 -0.949091 -0.885864 0.001882
34.400000 0.007548 0.000000 -0.012571 0.000000 -0.502137 -0.019114 -0.957073 -0.893037 0.002101
34.451000 0.009322 0.000000 -0.015931 0.000000 -0.523988 -0.019267 -0.964601 -0.900065 0.002432
34.502000 0.010612 0.000000 -0.018896 0.000000 -0.543264 -0.019403 -0.971226 -0.905888 0.002879
34.550000 0.011320 0.000000 -0.021353 0.000000 -0.559225 -0.019515 -0.976702 -0.911218 0.003307
34.601000 0.011362 0.000000 -0.023059 0.000000 -0.268822 -0.006304 0.663267 -0.441022 0.149716
34.652000 0.009469 0.000000 -0.017930 0.000000 0.250632 0.015352 0.866892 0.544126 0.009309
34.700000 0.007030 0.000000 -0.011911 0.000000 0.336973 0.017716 0.899300 0.773603 0.002941
34.751000 0.004236 0.000000 -0.005968 0.000000 0.380989 0.018232 0.914966 0.837962 0.002075
34.802000 0.001406 0.000000 -0.000618 0.000000 0.416269 0.018504 0.927305 0.873909 0.001844
34.850000 -0.001172 0.000000 0.003906 0.000000 0.445719 0.018715 0.937550 0.902760 0.001807
34.901000 -0.003714 0.000000 0.008215 0.000000 0.473733 0.018913 0.947261 0.931632 0.001920
34.952000 -0.005953 0.000000 0.012052 0.000000 0.498687 0.019089 0.955885 0.956790 0.002147
35.000000 -0.007702 0.000000 0.015268 0.000000 0.519602 0.019237 0.963094 0.978136 0.002441
35.051000 -0.009105 0.000000 0.018297 0.000000 0.539299 0.019375 0.969867 0.998439 0.002812
35.102000 -0.009967 0.000000 0.020958 0.000000 0.556586 0.019497 0.975799 0.955783 0.003069
35.150000 -0.010227 0.000000 0.023136 0.000000 0.570811 0.019597 0.980672 0.957393 0.003479
35.201000 -0.008709 0.000000 0.019259 0.000000 -0.207518 -0.013767 -0.850232 -0.773427 0.012384
35.252000 -0.006196 0.000000 0.012851 0.000000 -0.328295 -0.017556 -0.896134 -0.827806 0.003797
35.300000 -0.003593 0.000000 0.007147 0.000000 -0.373020 -0.018161 -0.912159 -0.851667 0.002280
35.351000 -0.000768 0.000000 0.001662 0.000000 -0.409520 -0.018454 -0.924949 -0.864014 0.001893
35.402000 0.001988 0.000000 -0.003254 0.000000 -0.441542 -0.018685 -0.936097 -0.874335 0.001781
35.450000 0.004412 0.000000 -0.007401 0.000000 -0.468511 -0.018876 -0.945452 -0.883277 0.001843
35.501000 0.006711 0.000000 -0.011342 0.000000 -0.494137 -0.019057 -0.954313 -0.891737 0.002069
35.552000 0.008633 0.000000 -0.014842 0.000000 -0.516894 -0.019218 -0.962160 -0.899602 0.002399
35.600000 0.010024 0.000000 -0.017764 0.000000 -0.535894 -0.019351 -0.968695 -0.906318 0.002782
35.651000 0.010988 0.000000 -0.020504 0.000000 -0.553701 -0.019476 -0.974808 -0.912733 0.003236
35.702000 0.011360 0.000000 -0.022896 0.000000 -0.569232 -0.019585 -0.980130 -0.923600 0.003412
35.750000 0.010226 0.000000 -0.020346 0.000000 0.156073 0.011763 0.830226 0.827344 0.025837
35.801000 0.007799 0.000000 -0.014003 0.000000 0.316377 0.017309 0.891758 0.920707 0.005722
35.852000 0.005057 0.000000 -0.007871 0.000000 0.367949 0.018113 0.910372 0.933411 0.002720
35.900000 0.002395 0.000000 -0.002635 0.000000 0.403086 0.018406 0.922705 0.937501 0.002058
35.951000 -0.000385 0.000000 0.002369 0.000000 0.435728 0.018643 0.934079 0.941393 0.001805
36.002000 -0.002999 0.000000 0.006843 0.000000 0.464824 0.018850 0.944176 0.944790 0.001790
36.050000 -0.005215 0.000000 0.010611 0.000000 0.489321 0.019023 0.952651 0.947632 0.001942
36.101000 -0.007218 0.000000 0.014180 0.000000 0.512535 0.019187 0.960660 0.949881 0.002261
36.152000 -0.008779 0.000000 0.017339 0.000000 0.533073 0.019331 0.967727 0.952184 0.002665
36.200000 -0.009775 0.000000 0.019965 0.000000 0.550141 0.019451 0.973588 0.954085 0.003103
36.251000 -0.010271 0.000000 0.022414 0.000000 0.566044 0.019563 0.979040 0.955845 0.003599
36.302000 -0.009461 0.000000 0.021168 0.000000 -0.096129 -0.009317 -0.806785 -0.895073 0.025350
36.350000 -0.007274 0.000000 0.015308 0.000000 -0.299871 -0.016892 -0.885601 -0.776136 0.005792
36.401000 -0.004569 0.000000 0.009059 0.000000 -0.359493 -0.018023 -0.907372 -0.830338 0.002660
36.452000 -0.001746 0.000000 0.003381 0.000000 -0.398239 -0.018370 -0.921009 -0.850730 0.002051
36.500000 0.000887 0.000000 -0.001429 0.000000 -0.429671 -0.018600 -0.931970 -0.865451 0.001814
36.551000 0.003542 0.000000 -0.006017 0.000000 -0.459506 -0.018812 -0.942331 -0.879172 0.001768
36.602000 0.005947 0.000000 -0.010109 0.000000 -0.486115 -0.019001 -0.951542 -0.891763 0.001877
36.650000 0.007893 0.000000 -0.013546 0.000000 -0.508464 -0.019158 -0.959255 -0.902602 0.002092
36.701000 0.009544 0.000000 -0.016791 0.000000 -0.529567 -0.019307 -0.966520 -0.912966 0.002434
36.752000 0.010690 0.000000 -0.019650 0.000000 -0.548152 -0.019437 -0.972904 -0.922267 0.002824
36.800000 0.011247 0.000000 -0.022015 0.000000 -0.563510 -0.019545 -0.978170 -0.930061 0.003224
36.851000 0.010813 0.000000 -0.022117 0.000000 -0.008646 0.004931 0.765693 0.185712 0.055059
36.902000 0.008615 0.000000 -0.016154 0.000000 0.287279 0.016541 0.880869 0.920780 0.006854
36.950000 0.006101 0.000000 -0.010213 0.000000 0.350844 0.017921 0.904293 0.934623 0.002744
37.001000 0.003286 0.000000 -0.004432 0.000000 0.391250 0.018316 0.918565 0.938680 0.002061
37.052000 0.000473 0.000000 0.000760 0.000000 0.425262 0.018569 0.930437 0.941333 0.001837
37.100000 -0.002059 0.000000 0.005148 0.000000 0.453805 0.018772 0.940356 0.943123 0.001809
37.151000 -0.004524 0.000000 0.009324 0.000000 0.480955 0.018964 0.949760 0.945196 0.001929
37.202000 -0.006660 0.000000 0.013039 0.000000 0.505117 0.019135 0.958103 0.947062 0.002168
37.250000 -0.008291 0.000000 0.016149 0.000000 0.525342 0.019277 0.965069 0.948637 0.002472
37.301000 -0.009548 0.000000 0.019075 0.000000 0.544360 0.019411 0.971604 0.949658 0.002880
37.352000 -0.010246 0.000000 0.021639 0.000000 0.561017 0.019528 0.977317 0.950930 0.003301
37.400000 -0.010165 0.000000 0.022874 0.000000 0.192012 0.002967 -0.693526 -0.108098 0.051761
37.451000 -0.008189 0.000000 0.017475 0.000000 -0.261116 -0.015702 -0.870901 -0.744215 0.009073
37.502000 -0.005572 0.000000 0.011096 0.000000 -0.343829 -0.017821 -0.901771 -0.822471 0.002981
37.550000 -0.002938 0.000000 0.005548 0.000000 -0.383861 -0.018256 -0.915973 -0.845990 0.002146
37.601000 -0.000119 0.000000 0.000229 0.000000 -0.418867 -0.018522 -0.928208 -0.861609 0.001848
37.652000 0.002596 0.000000 -0.004534 0.000000 -0.449859 -0.018744 -0.938985 -0.875250 0.001767
37.700000 0.004956 0.000000 -0.008550 0.000000 -0.475970 -0.018929 -0.948034 -0.887049 0.001844
37.751000 0.007159 0.000000 -0.012362 0.000000 -0.500760 -0.019104 -0.956599 -0.898449 0.002052
37.802000 0.008961 0.000000 -0.015743 0.000000 -0.522748 -0.019259 -0.964175 -0.908786 0.002359
37.850000 0.010221 0.000000 -0.018562 0.000000 -0.541079 -0.019388 -0.970476 -0.917557 0.002712
37.901000 0.011027 0.000000 -0.021202 0.000000 -0.558226 -0.019508 -0.976359 -0.965922 0.002929
37.952000 0.011154 0.000000 -0.023149 0.000000 -0.348046 -0.009773 0.632024 -0.868559 0.023321
38.000000 0.009488 0.000000 -0.018667 0.000000 0.229174 0.014582 0.858623 0.902102 0.013248
38.051000 0.006934 0.000000 -0.012266 0.000000 0.333804 0.017661 0.898148 0.934690 0.003330
38.102000 0.004150 0.000000 -0.006287 0.000000 0.378844 0.018214 0.914212 0.938170 0.002159
38.150000 0.001488 0.000000 -0.001203 0.000000 0.412468 0.018476 0.925979 0.940234 0.001876
38.201000 -0.001259 0.000000 0.003653 0.000000 0.444086 0.018703 0.936983 0.942052 0.001801
38.252000 -0.003811 0.000000 0.007991 0.000000 0.472294 0.018903 0.946763 0.943679 0.001888
38.300000 -0.005942 0.000000 0.011641 0.000000 0.496027 0.019071 0.954967 0.944707 0.002099
38.351000 -0.007833 0.000000 0.015095 0.000000 0.518491 0.019229 0.962711 0.945998 0.002412
38.402000 -0.009259 0.000000 0.018147 0.000000 0.538337 0.019368 0.969536 0.947152 0.002792
38.450000 -0.010112 0.000000 0.020681 0.000000 0.554800 0.019484 0.975186 0.948119 0.003188
38.501000 -0.010439 0.000000 0.023039 0.000000 0.570104 0.019592 0.980430 0.952135 0.003331
38.552000 -0.009031 0.000000 0.019586 0.000000 -0.194114 -0.013255 -0.845031 -0.852048 0.021615
38.600000 -0.006695 0.000000 0.013562 0.000000 -0.321128 -0.017411 -0.893505 -0.903138 0.004322
38.651000 -0.003939 0.000000 0.007457 0.000000 -0.370869 -0.018141 -0.911400 -0.923541 0.002437
38.702000 -0.001110 0.000000 0.001942 0.000000 -0.407674 -0.018440 -0.924305 -0.932181 0.001963
38.750000 0.001497 0.000000 -0.002725 0.000000 -0.438092 -0.018660 -0.934899 -0.938823 0.001794
38.801000 0.004096 0.000000 -0.007172 0.000000 -0.467011 -0.018865 -0.944932 -0.945091 0.001786
38.852000 0.006417 0.000000 -0.011136 0.000000 -0.492789 -0.019048 -0.953847 -0.950686 0.001920
38.900000 0.008263 0.000000 -0.014462 0.000000 -0.514416 -0.019200 -0.961306 -0.955379 0.002146
38.951000 0.009786 0.000000 -0.017599 0.000000 -0.534811 -0.019344 -0.968323 -0.959618 0.002482
39.002000 0.010784 0.000000 -0.020357 0.000000 -0.552741 -0.019470 -0.974479 -0.963475 0.002860
39.053000 0.011195 0.000000 -0.022767 0.000000 -0.568386 -0.019579 -0.979840 -0.966829 0.003265
39.101000 0.010208 0.000000 -0.020787 0.000000 0.129294 0.010689 0.819775 0.761660 0.027381
39.152000 0.007815 0.000000 -0.014484 0.000000 0.310903 0.017183 0.889730 0.938119 0.005215
39.203000 0.005077 0.000000 -0.008308 0.000000 0.364887 0.018083 0.909289 0.942062 0.002632
39.251000 0.002409 0.000000 -0.003028 0.000000 0.400521 0.018387 0.921809 0.943440 0.002083
39.302000 -0.000387 0.000000 0.002021 0.000000 0.433474 0.018627 0.933294 0.944574 0.001838
39.353000 -0.003025 0.000000 0.006536 0.000000 0.462835 0.018836 0.943486 0.945273 0.001793
39.401000 -0.005270 0.000000 0.010338 0.000000 0.487559 0.019011 0.952042 0.946182 0.001897
39.452000 -0.007311 0.000000 0.013942 0.000000 0.510996 0.019176 0.960129 0.947072 0.002127
39.503000 -0.008914 0.000000 0.017132 0.000000 0.531740 0.019322 0.967269 0.947884 0.002447
39.551000 -0.009955 0.000000 0.019785 0.000000 0.548987 0.019443 0.973192 0.948209 0.002823
39.602000 -0.010503 0.000000 0.022261 0.000000 0.565068 0.019556 0.978705 0.948837 0.003240
39.653000 -0.009869 0.000000 0.021659 0.000000 -0.051899 -0.007487 -0.789462 -0.940348 0.055701
39.701000 -0.007739 0.000000 0.015903 0.000000 -0.291353 -0.016659 -0.882404 -0.884223 0.006817
39.752000 -0.005050 0.000000 0.009613 0.000000 -0.355430 -0.017977 -0.905928 -0.918897 0.002619
39.803000 -0.002226 0.000000 0.003881 0.000000 -0.394933 -0.018344 -0.919853 -0.929604 0.002032
39.851000 0.000419 0.000000 -0.000976 0.000000 -0.426711 -0.018579 -0.930940 -0.936606 0.001827
39.902000 0.003098 0.000000 -0.005610 0.000000 -0.456850 -0.018794 -0.941411 -0.943098 0.001786
39.953000 0.005535 0.000000 -0.009745 0.000000 -0.483735 -0.018984 -0.950719 -0.948751 0.001891
