-0.050000 0.000448 2.249999
-0.049800 0.000501 2.249999
-0.049600 0.000559 2.249998
-0.049400 0.000624 2.249998
-0.049200 0.000695 2.249998
-0.049000 0.000774 2.249997
-0.048800 0.000860 2.249997
-0.048600 0.000955 2.249996
-0.048400 0.001059 2.249996
-0.048200 0.001173 2.249995
-0.048000 0.001298 2.249994
-0.047800 0.001435 2.249993
-0.047600 0.001584 2.249992
-0.047400 0.001748 2.249991
-0.047200 0.001927 2.249990
-0.047000 0.002122 2.249988
-0.046800 0.002334 2.249986
-0.046600 0.002566 2.249984
-0.046400 0.002818 2.249982
-0.046200 0.003092 2.249979
-0.046000 0.003390 2.249976
-0.045800 0.003714 2.249972
-0.045600 0.004066 2.249968
-0.045400 0.004447 2.249963
-0.045200 0.004860 2.249958
-0.045000 0.005307 2.249952
-0.044800 0.005791 2.249945
-0.044600 0.006314 2.249937
-0.044400 0.006880 2.249928
-0.044200 0.007490 2.249918
-0.044000 0.008149 2.249906
-0.043800 0.008860 2.249893
-0.043600 0.009625 2.249878
-0.043400 0.010449 2.249862
-0.043200 0.011336 2.249843
-0.043000 0.012290 2.249821
-0.042800 0.013315 2.249797
-0.042600 0.014416 2.249770
-0.042400 0.015597 2.249739
-0.042200 0.016863 2.249705
-0.042000 0.018221 2.249666
-0.041800 0.019675 2.249623
-0.041600 0.021230 2.249574
-0.041400 0.022894 2.249519
-0.041200 0.024673 2.249458
-0.041000 0.026572 2.249390
-0.040800 0.028600 2.249313
-0.040600 0.030763 2.249228
-0.040400 0.033068 2.249132
-0.040200 0.035525 2.249026
-0.040000 0.038139 2.248908
-0.039800 0.040921 2.248776
-0.039600 0.043878 2.248630
-0.039400 0.047020 2.248468
-0.039200 0.050356 2.248287
-0.039000 0.053896 2.248088
-0.038800 0.057650 2.247867
-0.038600 0.061627 2.247622
-0.038400 0.065839 2.247352
-0.038200 0.070296 2.247053
-0.038000 0.075010 2.246724
-0.037800 0.079992 2.246361
-0.037600 0.085254 2.245962
-0.037400 0.090807 2.245523
-0.037200 0.096664 2.245040
-0.037000 0.102837 2.244510
-0.036800 0.109340 2.243928
-0.036600 0.116185 2.243291
-0.036400 0.123385 2.242594
-0.036200 0.130953 2.241831
-0.036000 0.138903 2.240997
-0.035800 0.147249 2.240088
-0.035600 0.156004 2.239095
-0.035400 0.165181 2.238015
-0.035200 0.174795 2.236838
-0.035000 0.184859 2.235559
-0.034800 0.195387 2.234169
-0.034600 0.206393 2.232661
-0.034400 0.217889 2.231027
-0.034200 0.229890 2.229256
-0.034000 0.242409 2.227340
-0.033800 0.255458 2.225269
-0.033600 0.269050 2.223032
-0.033400 0.283196 2.220619
-0.033200 0.297910 2.218019
-0.033000 0.313202 2.215219
-0.032800 0.329083 2.212208
-0.032600 0.345564 2.208972
-0.032400 0.362653 2.205498
-0.032200 0.380359 2.201773
-0.032000 0.398691 2.197783
-0.031800 0.417656 2.193512
-0.031600 0.437260 2.188947
-0.031400 0.457508 2.184071
-0.031200 0.478404 2.178869
-0.031000 0.499951 2.173324
-0.030800 0.522152 2.167420
-0.030600 0.545006 2.161141
-0.030400 0.568513 2.154469
-0.030200 0.592670 2.147387
-0.030000 0.617474 2.139878
-0.029800 0.642918 2.131924
-0.029600 0.668997 2.123508
-0.029400 0.695700 2.114613
-0.029200 0.723017 2.105220
-0.029000 0.750936 2.095313
-0.028800 0.779442 2.084875
-0.028600 0.808519 2.073889
-0.028400 0.838146 2.062339
-0.028200 0.868305 2.050208
-0.028000 0.898972 2.037481
-0.027800 0.930121 2.024144
-0.027600 0.961725 2.010182
-0.027400 0.993754 1.995583
-0.027200 1.026176 1.980333
-0.027000 1.058955 1.964421
-0.026800 1.092056 1.947838
-0.026600 1.125438 1.930573
-0.026400 1.159060 1.912620
-0.026200 1.192876 1.893971
-0.026000 1.226841 1.874621
-0.025800 1.260904 1.854568
-0.025600 1.295014 1.833808
-0.025400 1.329116 1.812342
-0.025200 1.363155 1.790171
-0.025000 1.397070 1.767298
-0.024800 1.430802 1.743730
-0.024600 1.464287 1.719472
-0.024400 1.497460 1.694535
-0.024200 1.530253 1.668929
-0.024000 1.562596 1.642668
-0.023800 1.594420 1.615767
-0.023600 1.625651 1.588244
-0.023400 1.656215 1.560119
-0.023200 1.686036 1.531412
-0.023000 1.715038 1.502150
-0.022800 1.743142 1.472356
-0.022600 1.770269 1.442060
-0.022400 1.796340 1.411291
-0.022200 1.821275 1.380082
-0.022000 1.844993 1.348466
-0.021800 1.867414 1.316478
-0.021600 1.888456 1.284157
-0.021400 1.908041 1.251540
-0.021200 1.926088 1.218669
-0.021000 1.942519 1.185585
-0.020800 1.957255 1.152330
-0.020600 1.970221 1.118948
-0.020400 1.981342 1.085484
-0.020200 1.990546 1.051984
-0.020000 1.997761 1.018493
-0.019800 2.002919 0.985058
-0.019600 2.005954 0.951726
-0.019400 2.006805 0.918541
-0.019200 2.005412 0.885552
-0.019000 2.001719 0.852804
-0.018800 1.995675 0.820343
-0.018600 1.987231 0.788212
-0.018400 1.976344 0.756456
-0.018200 1.962975 0.725117
-0.018000 1.947091 0.694236
-0.017800 1.928662 0.663854
-0.017600 1.907666 0.634008
-0.017400 1.884085 0.604734
-0.017200 1.857906 0.576067
-0.017000 1.829125 0.548039
-0.016800 1.797740 0.520681
-0.016600 1.763760 0.494019
-0.016400 1.727198 0.468079
-0.016200 1.688073 0.442883
-0.016000 1.646413 0.418453
-0.015800 1.602252 0.394805
-0.015600 1.555631 0.371953
-0.015400 1.506598 0.349911
-0.015200 1.455208 0.328687
-0.015000 1.401524 0.308288
-0.014800 1.345616 0.288718
-0.014600 1.287561 0.269978
-0.014400 1.227443 0.252066
-0.014200 1.165352 0.234978
-0.014000 1.101388 0.218709
-0.013800 1.035655 0.203248
-0.013600 0.968264 0.188585
-0.013400 0.899335 0.174706
-0.013200 0.828990 0.161597
-0.013000 0.757362 0.149238
-0.012800 0.684586 0.137613
-0.012600 0.610804 0.126700
-0.012400 0.536163 0.116476
-0.012200 0.460816 0.106919
-0.012000 0.384920 0.098004
-0.011800 0.308634 0.089706
-0.011600 0.232125 0.081998
-0.011400 0.155559 0.074854
-0.011200 0.079108 0.068246
-0.011000 0.002946 0.062148
-0.010800 -0.072753 0.056531
-0.010600 -0.147810 0.051368
-0.010400 -0.222048 0.046632
-0.010200 -0.295288 0.042296
-0.010000 -0.367352 0.038333
-0.009800 -0.438061 0.034718
-0.009600 -0.507239 0.031426
-0.009400 -0.574709 0.028432
-0.009200 -0.640300 0.025712
-0.009000 -0.703840 0.023245
-0.008800 -0.765163 0.021009
-0.008600 -0.824104 0.018984
-0.008400 -0.880506 0.017150
-0.008200 -0.934213 0.015491
-0.008000 -0.985078 0.013989
-0.007800 -1.032958 0.012629
-0.007600 -1.077717 0.011397
-0.007400 -1.119225 0.010279
-0.007200 -1.157361 0.009264
-0.007000 -1.192011 0.008342
-0.006800 -1.223069 0.007502
-0.006600 -1.250439 0.006737
-0.006400 -1.274032 0.006038
-0.006200 -1.293772 0.005400
-0.006000 -1.309588 0.004816
-0.005800 -1.321423 0.004282
-0.005600 -1.329229 0.003793
-0.005400 -1.332968 0.003347
-0.005200 -1.332613 0.002939
-0.005000 -1.328149 0.002568
-0.004800 -1.319572 0.002231
-0.004600 -1.306887 0.001928
-0.004400 -1.290113 0.001656
-0.004200 -1.269278 0.001413
-0.004000 -1.244423 0.001200
-0.003800 -1.215600 0.001015
-0.003600 -1.182870 0.000856
-0.003400 -1.146307 0.000723
-0.003200 -1.105996 0.000614
-0.003000 -1.062031 0.000529
-0.002800 -1.014518 0.000465
-0.002600 -0.963570 0.000421
-0.002400 -0.909315 0.000395
-0.002200 -0.851884 0.000385
-0.002000 -0.791423 0.000389
-0.001800 -0.728082 0.000405
-0.001600 -0.662021 0.000430
-0.001400 -0.593409 0.000462
-0.001200 -0.522419 0.000499
-0.001000 -0.449233 0.000537
-0.000800 -0.374038 0.000574
-0.000600 -0.297028 0.000608
-0.000400 -0.218399 0.000637
-0.000200 -0.138355 0.000659
0.000000 -0.057100 0.000672
0.000200 0.025156 0.000675
0.000400 0.108202 0.000668
0.000600 0.191824 0.000651
0.000800 0.275810 0.000624
0.001000 0.359944 0.000589
0.001200 0.444012 0.000548
0.001400 0.527801 0.000505
0.001600 0.611097 0.000463
0.001800 0.693692 0.000428
0.002000 0.775378 0.000407
0.002200 0.855951 0.000408
0.002400 0.935212 0.000439
0.002600 1.012965 0.000512
0.002800 1.089020 0.000637
0.003000 1.163192 0.000829
0.003200 1.235305 0.001102
0.003400 1.305185 0.001473
0.003600 1.372668 0.001958
0.003800 1.437599 0.002578
0.004000 1.499828 0.003352
0.004200 1.559215 0.004303
0.004400 1.615629 0.005453
0.004600 1.668947 0.006828
0.004800 1.719056 0.008454
0.005000 1.765853 0.010356
0.005200 1.809245 0.012564
0.005400 1.849148 0.015105
0.005600 1.885489 0.018010
0.005800 1.918206 0.021309
0.006000 1.947245 0.025032
0.006200 1.972565 0.029211
0.006400 1.994134 0.033877
0.006600 2.011930 0.039061
0.006800 2.025944 0.044795
0.007000 2.036174 0.051110
0.007200 2.042629 0.058037
0.007400 2.045330 0.065604
0.007600 2.044305 0.073842
0.007800 2.039593 0.082778
0.008000 2.031242 0.092439
0.008200 2.019308 0.102849
0.008400 2.003858 0.114034
0.008600 1.984965 0.126014
0.008800 1.962710 0.138811
0.009000 1.937185 0.152442
0.009200 1.908484 0.166922
0.009400 1.876713 0.182266
0.009600 1.841980 0.198484
0.009800 1.804401 0.215586
0.010000 1.764099 0.233576
0.010200 1.721199 0.252457
0.010400 1.675833 0.272231
0.010600 1.628135 0.292894
0.010800 1.578244 0.314440
0.011000 1.526302 0.336862
0.011200 1.472453 0.360148
0.011400 1.416845 0.384282
0.011600 1.359625 0.409249
0.011800 1.300943 0.435028
0.012000 1.240949 0.461596
0.012200 1.179793 0.488927
0.012400 1.117627 0.516993
0.012600 1.054601 0.545764
0.012800 0.990861 0.575206
0.013000 0.926558 0.605283
0.013200 0.861834 0.635959
0.013400 0.796836 0.667194
0.013600 0.731702 0.698946
0.013800 0.666570 0.731172
0.014000 0.601576 0.763829
0.014200 0.536851 0.796870
0.014400 0.472521 0.830249
0.014600 0.408709 0.863919
0.014800 0.345535 0.897831
0.015000 0.283112 0.931936
0.015200 0.221550 0.966186
0.015400 0.160953 1.000531
0.015600 0.101421 1.034923
0.015800 0.043046 1.069313
0.016000 -0.014082 1.103654
0.016200 -0.069881 1.137897
0.016400 -0.124273 1.171996
0.016600 -0.177186 1.205907
0.016800 -0.228555 1.239583
0.017000 -0.278319 1.272984
0.017200 -0.326423 1.306066
0.017400 -0.372818 1.338791
0.017600 -0.417461 1.371120
0.017800 -0.460314 1.403017
0.018000 -0.501345 1.434447
0.018200 -0.540528 1.465377
0.018400 -0.577839 1.495779
0.018600 -0.613264 1.525622
0.018800 -0.646791 1.554881
0.019000 -0.678413 1.583532
0.019200 -0.708130 1.611554
0.019400 -0.735943 1.638927
0.019600 -0.761861 1.665633
0.019800 -0.785896 1.691657
0.020000 -0.808063 1.716988
0.020200 -0.828382 1.741613
0.020400 -0.846876 1.765524
0.020600 -0.863574 1.788716
0.020800 -0.878504 1.811182
0.021000 -0.891700 1.832921
0.021200 -0.903199 1.853932
0.021400 -0.913039 1.874216
0.021600 -0.921261 1.893775
0.021800 -0.927910 1.912615
0.022000 -0.933031 1.930741
0.022200 -0.936671 1.948160
0.022400 -0.938879 1.964882
0.022600 -0.939705 1.980917
0.022800 -0.939203 1.996274
0.023000 -0.937423 2.010968
0.023200 -0.934420 2.025011
0.023400 -0.930247 2.038417
0.023600 -0.924960 2.051201
0.023800 -0.918613 2.063379
0.024000 -0.911262 2.074967
0.024200 -0.902961 2.085982
0.024400 -0.893765 2.096440
0.024600 -0.883730 2.106359
0.024800 -0.872909 2.115758
0.025000 -0.861355 2.124653
0.025200 -0.849122 2.133064
0.025400 -0.836262 2.141007
0.025600 -0.822826 2.148501
0.025800 -0.808864 2.155564
0.026000 -0.794425 2.162214
0.026200 -0.779556 2.168468
0.026400 -0.764305 2.174345
0.026600 -0.748718 2.179860
0.026800 -0.732836 2.185031
0.027000 -0.716704 2.189875
0.027200 -0.700363 2.194407
0.027400 -0.683851 2.198643
0.027600 -0.667206 2.202599
0.027800 -0.650466 2.206289
0.028000 -0.633665 2.209727
0.028200 -0.616835 2.212928
0.028400 -0.600009 2.215905
0.028600 -0.583216 2.218671
0.028800 -0.566486 2.221238
0.029000 -0.549844 2.223618
0.029200 -0.533315 2.225823
0.029400 -0.516924 2.227863
0.029600 -0.500692 2.229749
0.029800 -0.484640 2.231491
0.030000 -0.468787 2.233097
0.030200 -0.453151 2.234579
0.030400 -0.437747 2.235942
0.030600 -0.422590 2.237197
0.030800 -0.407693 2.238350
0.031000 -0.393070 2.239408
0.031200 -0.378730 2.240379
0.031400 -0.364682 2.241268
0.031600 -0.350936 2.242083
0.031800 -0.337499 2.242827
0.032000 -0.324376 2.243508
0.032200 -0.311572 2.244129
0.032400 -0.299093 2.244695
0.032600 -0.286940 2.245211
0.032800 -0.275117 2.245681
0.033000 -0.263624 2.246108
0.033200 -0.252462 2.246495
0.033400 -0.241630 2.246847
0.033600 -0.231129 2.247166
0.033800 -0.220956 2.247456
0.034000 -0.211109 2.247717
0.034200 -0.201586 2.247954
0.034400 -0.192382 2.248167
0.034600 -0.183495 2.248360
0.034800 -0.174920 2.248534
0.035000 -0.166652 2.248690
0.035200 -0.158687 2.248831
0.035400 -0.151019 2.248958
0.035600 -0.143642 2.249071
0.035800 -0.136550 2.249173
0.036000 -0.129738 2.249265
0.036200 -0.123198 2.249347
0.036400 -0.116925 2.249420
0.036600 -0.110911 2.249485
0.036800 -0.105151 2.249544
0.037000 -0.099636 2.249596
0.037200 -0.094360 2.249643
0.037400 -0.089316 2.249684
0.037600 -0.084498 2.249721
0.037800 -0.079897 2.249754
0.038000 -0.075507 2.249783
0.038200 -0.071321 2.249809
0.038400 -0.067332 2.249832
0.038600 -0.063534 2.249852
0.038800 -0.059918 2.249870
0.039000 -0.056480 2.249886
0.039200 -0.053211 2.249900
0.039400 -0.050106 2.249912
0.039600 -0.047158 2.249923
0.039800 -0.044361 2.249933
0.040000 -0.041709 2.249941
0.040200 -0.039195 2.249949
0.040400 -0.036815 2.249955
0.040600 -0.034562 2.249961
0.040800 -0.032430 2.249966
0.041000 -0.030415 2.249970
0.041200 -0.028511 2.249974
0.041400 -0.026712 2.249978
0.041600 -0.025015 2.249981
0.041800 -0.023414 2.249983
0.042000 -0.021905 2.249985
0.042200 -0.020483 2.249987
0.042400 -0.019144 2.249989
0.042600 -0.017884 2.249991
0.042800 -0.016698 2.249992
0.043000 -0.015584 2.249993
0.043200 -0.014537 2.249994
0.043400 -0.013553 2.249995
0.043600 -0.012630 2.249996
0.043800 -0.011765 2.249996
0.044000 -0.010953 2.249997
0.044200 -0.010192 2.249997
0.044400 -0.009480 2.249998
0.044600 -0.008813 2.249998
0.044800 -0.008190 2.249998
0.045000 -0.007606 2.249998
0.045200 -0.007061 2.249999
0.045400 -0.006552 2.249999
0.045600 -0.006077 2.249999
0.045800 -0.005634 2.249999
0.046000 -0.005220 2.249999
0.046200 -0.004835 2.249999
0.046400 -0.004475 2.249999
0.046600 -0.004141 2.250000
0.046800 -0.003830 2.250000
0.047000 -0.003540 2.250000
0.047200 -0.003271 2.250000
0.047400 -0.003021 2.250000
0.047600 -0.002789 2.250000
0.047800 -0.002573 2.250000
0.048000 -0.002373 2.250000
0.048200 -0.002188 2.250000
0.048400 -0.002016 2.250000
0.048600 -0.001857 2.250000
0.048800 -0.001709 2.250000
0.049000 -0.001573 2.250000
0.049200 -0.001447 2.250000
0.049400 -0.001330 2.250000
0.049600 -0.001222 2.250000
0.049800 -0.001122 2.250000
0.050000 -0.001030 2.250000
