0.000000 0.000000 0.000000 0.104720 0.000000 0.000000 0.052360 0.000000 0.000000 0.000000
0.002000 0.000012 0.000000 0.104672 0.000000 2.812607 0.052360 0.000000 0.000000 2.250000
0.050000 0.003552 0.000000 0.093292 0.000000 0.230475 -0.007613 -0.693928 0.000000 1.011694
0.100000 0.009843 0.000000 0.079650 0.000000 0.097579 -0.008807 -0.744701 0.000000 1.232114
0.150000 0.017841 0.000000 0.067272 0.000000 0.017427 -0.009068 -0.773682 0.000000 1.278532
0.200000 0.027261 0.000000 0.056054 0.000000 -0.055034 -0.009298 -0.799754 0.000000 1.318770
0.250000 0.037705 0.000000 0.046622 0.000000 -0.112427 -0.005772 -0.820503 -0.529564 0.069913
0.300000 0.049094 0.000000 0.038188 0.000000 -0.166434 -0.005910 -0.839710 -0.541282 0.068650
0.350000 0.061272 0.000000 0.030499 0.000000 -0.216284 -0.006047 -0.857408 -0.552712 0.067295
0.400000 0.074067 0.000000 0.023479 0.000000 -0.261895 -0.006172 -0.873531 -0.563136 0.065956
0.450000 0.087264 0.000000 0.017337 0.000000 -0.300515 -0.004916 -0.887184 -0.657017 0.029682
0.500000 0.100775 0.000000 0.011756 0.000000 -0.336790 -0.005008 -0.899888 -0.665281 0.029403
0.550000 0.114484 0.000000 0.006632 0.000000 -0.370329 -0.005095 -0.911606 -0.673044 0.029121
0.600000 0.128273 0.000000 0.001920 0.000000 -0.401240 -0.005177 -0.922367 -0.680140 0.028846
0.650000 0.142007 0.000000 -0.002271 0.000000 -0.428106 -0.004545 -0.931713 -0.725732 0.018007
0.700000 0.155616 0.000000 -0.006109 0.000000 -0.453370 -0.004607 -0.940445 -0.731623 0.017889
0.750000 0.169016 0.000000 -0.009650 0.000000 -0.476789 -0.004665 -0.948523 -0.737120 0.017776
0.800000 0.182124 0.000000 -0.012916 0.000000 -0.498443 -0.004719 -0.955972 -0.742168 0.017671
0.850000 0.194848 0.000000 -0.015836 0.000000 -0.517399 -0.004323 -0.962489 -0.770165 0.012833
0.900000 0.207135 0.000000 -0.018515 0.000000 -0.535222 -0.004365 -0.968587 -0.774365 0.012768
0.950000 0.218927 0.000000 -0.020983 0.000000 -0.551711 -0.004404 -0.974221 -0.778271 0.012708
1.000000 0.230164 0.000000 -0.023254 0.000000 -0.566906 -0.004441 -0.979402 -0.781852 0.012653
1.051000 0.240987 0.000000 -0.025309 0.000000 -0.580228 -0.004158 -0.983856 -0.801372 0.009968
1.102000 0.251127 0.000000 -0.027178 0.000000 -0.592795 -0.004187 -0.988133 -0.804351 0.009929
1.153000 0.260540 0.000000 -0.028878 0.000000 -0.604256 -0.004214 -0.992031 -0.807070 0.009893
1.201000 0.268698 0.000000 -0.030330 0.000000 -0.614059 -0.004237 -0.995361 -0.809387 0.009863
1.252000 0.276573 0.000000 -0.031670 0.000000 -0.622854 -0.004015 -0.998354 -0.823517 0.008174
1.303000 0.283609 0.000000 -0.032857 0.000000 -0.630890 -0.004033 -1.001079 -0.825430 0.008150
1.351000 0.289441 0.000000 -0.033846 0.000000 -0.637594 -0.004049 -1.003353 -0.827029 0.008131
1.402000 0.294771 0.000000 -0.034763 0.000000 -0.643815 -0.004063 -1.005463 -0.828509 0.008113
1.453000 0.299180 0.000000 -0.035505 0.000000 -0.648634 -0.003881 -1.007105 -0.839097 0.006958
1.501000 0.302477 0.000000 -0.036082 0.000000 -0.652547 -0.003889 -1.008434 -0.840029 0.006947
1.552000 0.305063 0.000000 -0.036574 0.000000 -0.655885 -0.003897 -1.009571 -0.840827 0.006938
1.603000 0.306690 0.000000 -0.036944 0.000000 -0.658385 -0.003902 -1.010426 -0.841422 0.006931
1.651000 0.307333 0.000000 -0.037150 0.000000 -0.659592 -0.003746 -1.010851 -0.849363 0.006095
1.702000 0.306810 0.000000 -0.035931 0.000000 0.157252 0.003771 0.837173 0.624008 0.173958
1.753000 0.305277 0.000000 -0.034245 0.000000 0.168081 0.003785 0.841018 0.626866 0.174886
1.801000 0.303052 0.000000 -0.032744 0.000000 0.177765 0.003797 0.844452 0.629418 0.175719
1.852000 0.299912 0.000000 -0.031330 0.000000 0.186394 0.003335 0.847526 0.692442 0.027616
1.903000 0.295986 0.000000 -0.029977 0.000000 0.195236 0.003346 0.850651 0.695026 0.027713
1.951000 0.291597 0.000000 -0.028737 0.000000 0.203387 0.003355 0.853528 0.697407 0.027802
2.001000 0.286340 0.000000 -0.027471 0.000000 0.211924 0.003365 0.856537 0.699900 0.027896
2.051000 0.280421 0.000000 -0.026264 0.000000 0.219644 0.003180 0.859319 0.716519 0.015511
2.101000 0.273859 0.000000 -0.025068 0.000000 0.227647 0.003189 0.862133 0.718899 0.015553
2.151000 0.266683 0.000000 -0.023872 0.000000 0.235689 0.003198 0.864958 0.721289 0.015595
2.201000 0.258921 0.000000 -0.022672 0.000000 0.243796 0.003208 0.867804 0.723697 0.015637
2.251000 0.250605 0.000000 -0.021488 0.000000 0.251686 0.003094 0.870575 0.734126 0.010898
2.301000 0.241761 0.000000 -0.020295 0.000000 0.259811 0.003103 0.873422 0.736559 0.010923
2.351000 0.232415 0.000000 -0.019086 0.000000 0.268070 0.003113 0.876314 0.739029 0.010949
2.401000 0.222598 0.000000 -0.017860 0.000000 0.276467 0.003122 0.879251 0.741538 0.010976
2.451000 0.212343 0.000000 -0.016633 0.000000 0.284787 0.003042 0.882162 0.749557 0.008446
2.501000 0.201677 0.000000 -0.015391 0.000000 0.293338 0.003052 0.885149 0.752123 0.008464
2.551000 0.190630 0.000000 -0.014129 0.000000 0.302038 0.003061 0.888186 0.754731 0.008483
2.601000 0.179232 0.000000 -0.012848 0.000000 0.310881 0.003071 0.891270 0.757379 0.008503
2.651000 0.167518 0.000000 -0.011563 0.000000 0.319688 0.003010 0.894341 0.764202 0.006919
2.701000 0.155518 0.000000 -0.010264 0.000000 0.328684 0.003020 0.897474 0.766901 0.006933
2.751000 0.143263 0.000000 -0.008949 0.000000 0.337800 0.003030 0.900646 0.769634 0.006947
2.801000 0.130786 0.000000 -0.007620 0.000000 0.347019 0.003040 0.903851 0.772394 0.006962
2.851000 0.118121 0.000000 -0.006289 0.000000 0.356190 0.002991 0.907038 0.778502 0.005872
2.901000 0.105301 0.000000 -0.004952 0.000000 0.365482 0.003002 0.910264 0.781287 0.005883
2.951000 0.092358 0.000000 -0.003606 0.000000 0.374835 0.003012 0.913508 0.784087 0.005895
3.001000 0.079326 0.000000 -0.002255 0.000000 0.384228 0.003022 0.916763 0.786895 0.005907
3.051000 0.066239 0.000000 -0.000910 0.000000 0.393528 0.002982 0.919984 0.792484 0.005108
3.101000 0.053131 0.000000 0.000431 0.000000 0.402867 0.002992 0.923215 0.795278 0.005117
3.151000 0.040033 0.000000 0.001770 0.000000 0.412192 0.003002 0.926439 0.798063 0.005126
3.201000 0.026981 0.000000 0.003104 0.000000 0.421480 0.003012 0.929646 0.800834 0.005136
3.251000 0.014007 0.000000 0.004422 0.000000 0.430611 0.002978 0.932798 0.805971 0.004524
3.301000 0.001145 0.000000 0.005725 0.000000 0.439694 0.002987 0.935930 0.808680 0.004531
3.351000 -0.011574 0.000000 0.007014 0.000000 0.448679 0.002997 0.939025 0.811356 0.004539
3.401000 -0.024118 0.000000 0.008286 0.000000 0.457545 0.003006 0.942077 0.813994 0.004547
3.451000 -0.036453 0.000000 0.009531 0.000000 0.466184 0.002976 0.945049 0.818679 0.004061
3.501000 -0.048549 0.000000 0.010750 0.000000 0.474686 0.002985 0.947970 0.821207 0.004067
3.551000 -0.060376 0.000000 0.011942 0.000000 0.483009 0.002994 0.950828 0.823678 0.004073
3.601000 -0.071905 0.000000 0.013106 0.000000 0.491129 0.003003 0.953614 0.826086 0.004080
3.651000 -0.083105 0.000000 0.014233 0.000000 0.498952 0.002976 0.956297 0.830288 0.003685
3.701000 -0.093948 0.000000 0.015322 0.000000 0.506554 0.002984 0.958901 0.832541 0.003690
3.751000 -0.104408 0.000000 0.016374 0.000000 0.513898 0.002991 0.961415 0.834715 0.003694
3.801000 -0.114459 0.000000 0.017386 0.000000 0.520964 0.002999 0.963832 0.836804 0.003699
3.851000 -0.124074 0.000000 0.018351 0.000000 0.527669 0.002974 0.966125 0.840477 0.003372
3.901000 -0.133229 0.000000 0.019268 0.000000 0.534076 0.002980 0.968315 0.842370 0.003375
3.951000 -0.141903 0.000000 0.020138 0.000000 0.540157 0.002987 0.970392 0.844164 0.003379
4.001000 -0.150072 0.000000 0.020959 0.000000 0.545894 0.002993 0.972351 0.845855 0.003382
4.051000 -0.157717 0.000000 0.021724 0.000000 0.551215 0.002969 0.974167 0.848956 0.003107
4.101000 -0.164818 0.000000 0.022433 0.000000 0.556175 0.002974 0.975859 0.850416 0.003109
4.151000 -0.171357 0.000000 0.023088 0.000000 0.560753 0.002979 0.977421 0.851762 0.003111
4.201000 -0.177319 0.000000 0.023685 0.000000 0.564935 0.002983 0.978847 0.852991 0.003113
4.251000 -0.182688 0.000000 0.024221 0.000000 0.568656 0.002960 0.980117 0.855480 0.002879
4.301000 -0.187450 0.000000 0.024694 0.000000 0.571972 0.002963 0.981248 0.856452 0.002880
4.351000 -0.191595 0.000000 0.025106 0.000000 0.574864 0.002966 0.982235 0.857299 0.002882
4.401000 -0.195111 0.000000 0.025456 0.000000 0.577324 0.002969 0.983076 0.858018 0.002883
4.451000 -0.197990 0.000000 0.025741 0.000000 0.579295 0.002946 0.983750 0.859870 0.002682
4.501000 -0.200224 0.000000 0.025958 0.000000 0.580832 0.002947 0.984278 0.860316 0.002682
4.551000 -0.201808 0.000000 0.026112 0.000000 0.581922 0.002949 0.984653 0.860631 0.002682
4.601000 -0.202740 0.000000 0.026201 0.000000 0.582561 0.002949 0.984876 0.860812 0.002682
4.651000 -0.203004 0.000000 0.026165 0.000000 0.108234 -0.000330 -0.595116 -0.085631 0.008858
4.701000 -0.202346 0.000000 0.024705 0.000000 -0.234338 -0.003118 -0.864443 -0.729573 0.006850
4.751000 -0.201097 0.000000 0.023320 0.000000 -0.243229 -0.003133 -0.867578 -0.732092 0.006830
4.801000 -0.199293 0.000000 0.022025 0.000000 -0.251583 -0.003146 -0.870519 -0.734452 0.006810
4.851000 -0.196967 0.000000 0.020814 0.000000 -0.259354 -0.003071 -0.873262 -0.741186 0.005914
4.901000 -0.194144 0.000000 0.019677 0.000000 -0.266726 -0.003083 -0.875845 -0.743219 0.005900
4.951000 -0.190849 0.000000 0.018591 0.000000 -0.273838 -0.003094 -0.878341 -0.745227 0.005885
5.001000 -0.187106 0.000000 0.017546 0.000000 -0.280714 -0.003105 -0.880752 -0.747166 0.005871
5.051000 -0.182941 0.000000 0.016543 0.000000 -0.287284 -0.003040 -0.883062 -0.752893 0.005193
5.101000 -0.178377 0.000000 0.015577 0.000000 -0.293681 -0.003050 -0.885295 -0.754653 0.005182
5.151000 -0.173435 0.000000 0.014631 0.000000 -0.300005 -0.003060 -0.887506 -0.756435 0.005170
5.201000 -0.168138 0.000000 0.013699 0.000000 -0.306254 -0.003070 -0.889689 -0.758194 0.005159
5.251000 -0.162508 0.000000 0.012786 0.000000 -0.312349 -0.003013 -0.891824 -0.763281 0.004627
5.301000 -0.156567 0.000000 0.011890 0.000000 -0.318389 -0.003022 -0.893925 -0.764941 0.004618
5.351000 -0.150336 0.000000 0.010998 0.000000 -0.324445 -0.003032 -0.896037 -0.766645 0.004608
5.401000 -0.143836 0.000000 0.010109 0.000000 -0.330503 -0.003042 -0.898147 -0.768347 0.004598
5.451000 -0.137089 0.000000 0.009226 0.000000 -0.336480 -0.002992 -0.900234 -0.773006 0.004170
5.501000 -0.130118 0.000000 0.008352 0.000000 -0.342449 -0.003001 -0.902306 -0.774647 0.004161
5.551000 -0.122941 0.000000 0.007475 0.000000 -0.348467 -0.003011 -0.904399 -0.776335 0.004153
5.601000 -0.115581 0.000000 0.006597 0.000000 -0.354509 -0.003020 -0.906498 -0.778029 0.004144
5.651000 -0.108059 0.000000 0.005722 0.000000 -0.360490 -0.002976 -0.908581 -0.782376 0.003792
5.701000 -0.100398 0.000000 0.004853 0.000000 -0.366471 -0.002985 -0.910653 -0.784019 0.003784
5.751000 -0.092618 0.000000 0.003981 0.000000 -0.372494 -0.002995 -0.912742 -0.785705 0.003776
5.801000 -0.084740 0.000000 0.003109 0.000000 -0.378530 -0.003005 -0.914835 -0.787392 0.003768
5.851000 -0.076787 0.000000 0.002242 0.000000 -0.384497 -0.002965 -0.916908 -0.791479 0.003475
5.901000 -0.068780 0.000000 0.001382 0.000000 -0.390442 -0.002974 -0.918963 -0.793110 0.003467
5.951000 -0.060740 0.000000 0.000524 0.000000 -0.396401 -0.002984 -0.921025 -0.794773 0.003460
6.001000 -0.052687 0.000000 -0.000332 0.000000 -0.402342 -0.002993 -0.923081 -0.796430 0.003453
6.051000 -0.044645 0.000000 -0.001178 0.000000 -0.408187 -0.002957 -0.925107 -0.800271 0.003204
6.101000 -0.036633 0.000000 -0.002012 0.000000 -0.413973 -0.002966 -0.927103 -0.801854 0.003198
6.151000 -0.028672 0.000000 -0.002840 0.000000 -0.419732 -0.002976 -0.929092 -0.803457 0.003191
6.201000 -0.020783 0.000000 -0.003659 0.000000 -0.425432 -0.002985 -0.931060 -0.805041 0.003185
6.251000 -0.012986 0.000000 -0.004462 0.000000 -0.430997 -0.002952 -0.932985 -0.808626 0.002972
6.301000 -0.005303 0.000000 -0.005248 0.000000 -0.436460 -0.002960 -0.934865 -0.810117 0.002966
6.351000 0.002250 0.000000 -0.006022 0.000000 -0.441849 -0.002969 -0.936723 -0.811612 0.002961
6.401000 0.009651 0.000000 -0.006779 0.000000 -0.447133 -0.002978 -0.938544 -0.813076 0.002955
6.451000 0.016883 0.000000 -0.007516 0.000000 -0.452240 -0.002946 -0.940307 -0.816381 0.002771
6.501000 0.023925 0.000000 -0.008229 0.000000 -0.457200 -0.002954 -0.942012 -0.817729 0.002766
6.551000 0.030761 0.000000 -0.008922 0.000000 -0.462038 -0.002962 -0.943677 -0.819068 0.002761
6.601000 0.037375 0.000000 -0.009593 0.000000 -0.466726 -0.002970 -0.945290 -0.820364 0.002757
6.651000 0.043747 0.000000 -0.010238 0.000000 -0.471196 -0.002940 -0.946831 -0.823359 0.002597
6.701000 0.049863 0.000000 -0.010852 0.000000 -0.475475 -0.002947 -0.948299 -0.824517 0.002593
6.751000 0.055707 0.000000 -0.011441 0.000000 -0.479588 -0.002953 -0.949713 -0.825652 0.002589
6.801000 0.061266 0.000000 -0.012002 0.000000 -0.483509 -0.002960 -0.951060 -0.826733 0.002585
6.851000 0.066523 0.000000 -0.012530 0.000000 -0.487175 -0.002931 -0.952323 -0.829389 0.002444
6.901000 0.071466 0.000000 -0.013023 0.000000 -0.490613 -0.002936 -0.953501 -0.830314 0.002441
6.951000 0.076084 0.000000 -0.013485 0.000000 -0.493847 -0.002942 -0.954612 -0.831204 0.002438
7.001000 0.080365 0.000000 -0.013914 0.000000 -0.496853 -0.002946 -0.955645 -0.832032 0.002436
7.051000 0.084296 0.000000 -0.014306 0.000000 -0.499575 -0.002918 -0.956583 -0.834323 0.002311
7.101000 0.087870 0.000000 -0.014659 0.000000 -0.502038 -0.002922 -0.957426 -0.834978 0.002309
7.151000 0.091076 0.000000 -0.014977 0.000000 -0.504268 -0.002926 -0.958193 -0.835591 0.002307
7.201000 0.093909 0.000000 -0.015259 0.000000 -0.506244 -0.002929 -0.958872 -0.836134 0.002305
7.251000 0.096358 0.000000 -0.015500 0.000000 -0.507914 -0.002901 -0.959450 -0.838041 0.002195
7.301000 0.098420 0.000000 -0.015699 0.000000 -0.509305 -0.002903 -0.959927 -0.838402 0.002193
7.351000 0.100089 0.000000 -0.015860 0.000000 -0.510444 -0.002905 -0.960320 -0.838714 0.002192
7.401000 0.101361 0.000000 -0.015982 0.000000 -0.511313 -0.002906 -0.960621 -0.838952 0.002192
7.451000 0.102233 0.000000 -0.016063 0.000000 -0.511864 -0.002878 -0.960816 -0.840463 0.002092
7.501000 0.102702 0.000000 -0.016100 0.000000 -0.512128 -0.002878 -0.960907 -0.840515 0.002092
7.551000 0.102688 0.000000 -0.015695 0.000000 0.296870 0.002709 0.886062 0.772125 0.002413
7.601000 0.102106 0.000000 -0.014360 0.000000 0.305822 0.002719 0.889498 0.775661 0.002413
7.651000 0.101194 0.000000 -0.013144 0.000000 0.313592 0.002710 0.892221 0.778906 0.002276
7.701000 0.099981 0.000000 -0.012029 0.000000 0.320749 0.002717 0.894727 0.781124 0.002276
7.751000 0.098489 0.000000 -0.011002 0.000000 0.327367 0.002722 0.897043 0.783174 0.002275
7.801000 0.096743 0.000000 -0.010052 0.000000 0.333516 0.002728 0.899192 0.785077 0.002276
7.851000 0.094764 0.000000 -0.009169 0.000000 0.339224 0.002718 0.901186 0.787633 0.002153
7.901000 0.092572 0.000000 -0.008347 0.000000 0.344586 0.002722 0.903056 0.789292 0.002153
7.951000 0.090185 0.000000 -0.007575 0.000000 0.349639 0.002727 0.904818 0.790855 0.002153
8.002000 0.087568 0.000000 -0.006833 0.000000 0.354424 0.002731 0.906485 0.792335 0.002153
8.050000 0.084953 0.000000 -0.006172 0.000000 0.358814 0.002721 0.907984 0.794513 0.002043
8.101000 0.082029 0.000000 -0.005506 0.000000 0.363230 0.002725 0.909521 0.795875 0.002043
8.152000 0.078970 0.000000 -0.004870 0.000000 0.367460 0.002728 0.910994 0.797179 0.002043
8.200000 0.075983 0.000000 -0.004296 0.000000 0.371293 0.002732 0.912327 0.798361 0.002043
8.251000 0.072707 0.000000 -0.003711 0.000000 0.375199 0.002721 0.913685 0.800269 0.001944
8.302000 0.069342 0.000000 -0.003149 0.000000 0.378982 0.002725 0.914999 0.801435 0.001944
8.350000 0.066104 0.000000 -0.002636 0.000000 0.382438 0.002728 0.916199 0.802501 0.001944
8.401000 0.062602 0.000000 -0.002108 0.000000 0.386011 0.002731 0.917439 0.803602 0.001944
8.452000 0.059049 0.000000 -0.001597 0.000000 0.389463 0.002721 0.918637 0.805333 0.001854
8.500000 0.055671 0.000000 -0.001131 0.000000 0.392637 0.002723 0.919737 0.806311 0.001854
8.551000 0.052057 0.000000 -0.000648 0.000000 0.395930 0.002726 0.920879 0.807326 0.001854
8.602000 0.048428 0.000000 -0.000178 0.000000 0.399146 0.002729 0.921993 0.808316 0.001854
8.650000 0.045011 0.000000 0.000253 0.000000 0.402079 0.002719 0.923009 0.809853 0.001772
8.701000 0.041389 0.000000 0.000697 0.000000 0.405130 0.002722 0.924065 0.810792 0.001772
8.752000 0.037788 0.000000 0.001130 0.000000 0.408107 0.002724 0.925096 0.811708 0.001772
8.800000 0.034426 0.000000 0.001528 0.000000 0.410843 0.002727 0.926043 0.812550 0.001772
8.851000 0.030895 0.000000 0.001938 0.000000 0.413656 0.002717 0.927017 0.814018 0.001697
8.902000 0.027416 0.000000 0.002335 0.000000 0.416396 0.002720 0.927965 0.814860 0.001696
8.950000 0.024198 0.000000 0.002698 0.000000 0.418905 0.002722 0.928832 0.815631 0.001696
9.001000 0.020848 0.000000 0.003072 0.000000 0.421494 0.002724 0.929728 0.816426 0.001696
9.052000 0.017579 0.000000 0.003433 0.000000 0.423979 0.002715 0.930587 0.817764 0.001628
9.100000 0.014584 0.000000 0.003760 0.000000 0.426243 0.002717 0.931370 0.818459 0.001628
9.151000 0.011499 0.000000 0.004095 0.000000 0.428564 0.002719 0.932172 0.819170 0.001627
9.202000 0.008520 0.000000 0.004416 0.000000 0.430793 0.002721 0.932943 0.819854 0.001627
9.250000 0.005822 0.000000 0.004705 0.000000 0.432785 0.002711 0.933632 0.821013 0.001564
9.301000 0.003076 0.000000 0.004996 0.000000 0.434809 0.002713 0.934331 0.821633 0.001564
9.352000 0.000459 0.000000 0.005272 0.000000 0.436733 0.002715 0.934996 0.822221 0.001564
9.400000 -0.001878 0.000000 0.005519 0.000000 0.438448 0.002716 0.935589 0.822745 0.001564
9.451000 -0.004221 0.000000 0.005765 0.000000 0.440146 0.002707 0.936177 0.823790 0.001505
9.502000 -0.006413 0.000000 0.005993 0.000000 0.441735 0.002709 0.936727 0.824275 0.001505
9.550000 -0.008334 0.000000 0.006192 0.000000 0.443127 0.002710 0.937208 0.824699 0.001505
9.601000 -0.010218 0.000000 0.006388 0.000000 0.444493 0.002711 0.937681 0.825115 0.001505
9.652000 -0.011936 0.000000 0.006566 0.000000 0.445721 0.002702 0.938106 0.825992 0.001451
9.700000 -0.013396 0.000000 0.006715 0.000000 0.446767 0.002703 0.938469 0.826310 0.001451
9.751000 -0.014778 0.000000 0.006857 0.000000 0.447758 0.002703 0.938813 0.826610 0.001451
9.802000 -0.015981 0.000000 0.006981 0.000000 0.448624 0.002704 0.939113 0.826872 0.001451
9.853000 -0.017002 0.000000 0.007085 0.000000 0.449344 0.002695 0.939364 0.827572 0.001401
9.901000 -0.017794 0.000000 0.007165 0.000000 0.449905 0.002695 0.939559 0.827740 0.001401
9.952000 -0.018455 0.000000 0.007232 0.000000 0.450375 0.002696 0.939724 0.827880 0.001401
10.003000 -0.018927 0.000000 0.007280 0.000000 0.450714 0.002696 0.939843 0.827979 0.001401
10.051000 -0.019199 0.000000 0.007307 0.000000 0.450907 0.002693 0.939912 0.828186 0.001385
10.102000 -0.019303 0.000000 0.007318 0.000000 0.450983 0.002693 0.939941 0.828205 0.001385
10.153000 -0.018980 0.000000 0.006109 0.000000 -0.363190 -0.002683 -0.909425 -0.797372 0.002285
10.201000 -0.018536 0.000000 0.004980 0.000000 -0.370411 -0.002694 -0.911949 -0.799421 0.002278
10.252000 -0.017965 0.000000 0.003905 0.000000 -0.377361 -0.002667 -0.914431 -0.802929 0.002448
10.303000 -0.017318 0.000000 0.002948 0.000000 -0.383392 -0.002675 -0.916482 -0.804468 0.002438
10.351000 -0.016658 0.000000 0.002139 0.000000 -0.388593 -0.002683 -0.918296 -0.805940 0.002429
10.402000 -0.015921 0.000000 0.001365 0.000000 -0.393569 -0.002690 -0.920031 -0.807347 0.002420
10.453000 -0.015165 0.000000 0.000670 0.000000 -0.398039 -0.002715 -0.921567 -0.807925 0.002317
10.501000 -0.014450 0.000000 0.000080 0.000000 -0.401878 -0.002720 -0.922924 -0.809081 0.002310
10.552000 -0.013701 0.000000 -0.000483 0.000000 -0.405515 -0.002725 -0.924190 -0.810127 0.002303
10.603000 -0.012977 0.000000 -0.000987 0.000000 -0.408770 -0.002730 -0.925323 -0.811062 0.002297
10.651000 -0.012328 0.000000 -0.001411 0.000000 -0.411539 -0.002722 -0.926317 -0.812544 0.002188
10.702000 -0.011683 0.000000 -0.001811 0.000000 -0.414090 -0.002725 -0.927174 -0.813225 0.002184
10.753000 -0.011094 0.000000 -0.002166 0.000000 -0.416390 -0.002728 -0.927974 -0.813894 0.002180
10.801000 -0.010597 0.000000 -0.002462 0.000000 -0.418311 -0.002730 -0.928642 -0.814454 0.002176
10.852000 -0.010137 0.000000 -0.002739 0.000000 -0.420126 -0.002709 -0.929322 -0.816130 0.002092
10.903000 -0.009756 0.000000 -0.002977 0.000000 -0.421620 -0.002711 -0.929794 -0.816492 0.002090
10.951000 -0.009471 0.000000 -0.003172 0.000000 -0.422880 -0.002712 -0.930233 -0.816862 0.002088
11.002000 -0.009254 0.000000 -0.003350 0.000000 -0.424031 -0.002713 -0.930634 -0.817199 0.002086
11.053000 -0.009127 0.000000 -0.003499 0.000000 -0.424990 -0.002688 -0.931010 -0.818733 0.002020
11.101000 -0.009116 0.000000 -0.003506 0.000000 0.260654 0.001770 0.636771 0.564924 0.003276
11.152000 -0.009423 0.000000 -0.002331 0.000000 0.388853 0.002577 0.918348 0.811607 0.001561
11.203000 -0.009764 0.000000 -0.001288 0.000000 0.395521 0.002584 0.920674 0.813616 0.001554
11.251000 -0.010094 0.000000 -0.000415 0.000000 0.401194 0.002560 0.922869 0.816807 0.001554
11.302000 -0.010432 0.000000 0.000403 0.000000 0.406291 0.002564 0.924428 0.818107 0.001548
11.353000 -0.010741 0.000000 0.001125 0.000000 0.410910 0.002569 0.926037 0.819487 0.001542
11.401000 -0.010991 0.000000 0.001726 0.000000 0.414753 0.002573 0.927375 0.820635 0.001537
11.452000 -0.011197 0.000000 0.002287 0.000000 0.418483 0.002548 0.928908 0.823287 0.001541
11.503000 -0.011330 0.000000 0.002771 0.000000 0.421396 0.002550 0.929688 0.823848 0.001538
11.551000 -0.011380 0.000000 0.003168 0.000000 0.423929 0.002553 0.930570 0.824598 0.001534
11.602000 -0.011128 0.000000 0.002447 0.000000 -0.386938 -0.002630 -0.917716 -0.808023 0.002112
11.653000 -0.010794 0.000000 0.001625 0.000000 -0.392174 -0.002605 -0.919631 -0.810948 0.002063
11.701000 -0.010459 0.000000 0.000940 0.000000 -0.396540 -0.002609 -0.921065 -0.812250 0.002059
11.752000 -0.010096 0.000000 0.000291 0.000000 -0.400693 -0.002612 -0.922513 -0.813512 0.002055
11.803000 -0.009739 0.000000 -0.000284 0.000000 -0.404380 -0.002616 -0.923797 -0.814631 0.002052
11.851000 -0.009422 0.000000 -0.000765 0.000000 -0.407966 -0.002587 -0.926721 -0.818172 0.002006
11.902000 -0.009118 0.000000 -0.001210 0.000000 -0.410270 -0.002586 -0.925849 -0.817920 0.002007
11.953000 -0.008854 0.000000 -0.001602 0.000000 -0.412783 -0.002589 -0.926724 -0.818677 0.002004
12.001000 -0.008653 0.000000 -0.001926 0.000000 -0.414864 -0.002591 -0.927449 -0.819304 0.002002
12.052000 -0.008495 0.000000 -0.002228 0.000000 -0.417168 -0.002573 -0.929264 -0.821675 0.001933
12.103000 -0.008402 0.000000 -0.002484 0.000000 -0.418411 -0.002572 -0.928685 -0.821363 0.001934
12.151000 -0.008406 0.000000 -0.002561 0.000000 0.356997 0.002286 0.739014 0.753403 0.002062
12.202000 -0.008693 0.000000 -0.001529 0.000000 0.393813 0.002494 0.920084 0.816610 0.001655
12.253000 -0.008995 0.000000 -0.000614 0.000000 0.400064 0.002479 0.923343 0.820235 0.001636
12.301000 -0.009274 0.000000 0.000145 0.000000 0.404486 0.002481 0.923805 0.820822 0.001633
12.352000 -0.009548 0.000000 0.000861 0.000000 0.409062 0.002486 0.925399 0.822202 0.001626
12.403000 -0.009784 0.000000 0.001492 0.000000 0.413093 0.002490 0.926803 0.823416 0.001621
12.451000 -0.009957 0.000000 0.002014 0.000000 0.419766 0.002493 0.927966 0.832144 0.001582
12.502000 -0.010076 0.000000 0.002496 0.000000 0.419486 0.002474 0.929029 0.826267 0.001608
12.553000 -0.010120 0.000000 0.002915 0.000000 0.422158 0.002477 0.929959 0.827069 0.001605
12.601000 -0.009869 0.000000 0.002172 0.000000 -0.388659 -0.002543 -0.918318 -0.812414 0.001965
12.652000 -0.009550 0.000000 0.001389 0.000000 -0.396063 -0.002548 -0.920064 -0.819561 0.001869
12.703000 -0.009214 0.000000 0.000697 0.000000 -0.398073 -0.002536 -0.921601 -0.816008 0.001883
12.751000 -0.008895 0.000000 0.000116 0.000000 -0.401790 -0.002540 -0.922896 -0.817128 0.001879
12.802000 -0.008567 0.000000 -0.000432 0.000000 -0.405305 -0.002543 -0.924120 -0.818187 0.001874
12.853000 -0.008262 0.000000 -0.000918 0.000000 -0.410641 -0.002546 -0.925203 -0.824355 0.001788
12.901000 -0.008008 0.000000 -0.001319 0.000000 -0.410966 -0.002534 -0.926092 -0.820593 0.001803
12.952000 -0.007781 0.000000 -0.001695 0.000000 -0.413376 -0.002536 -0.926931 -0.821317 0.001800
13.003000 -0.007606 0.000000 -0.002024 0.000000 -0.415483 -0.002538 -0.927665 -0.821949 0.001798
13.051000 -0.007496 0.000000 -0.002294 0.000000 -0.417213 -0.002540 -0.928267 -0.822468 0.001795
13.102000 -0.007445 0.000000 -0.002540 0.000000 -0.418767 -0.002527 -0.928809 -0.823599 0.001734
13.153000 -0.007644 0.000000 -0.001846 0.000000 0.391664 0.002432 0.919339 0.818366 0.001760
13.201000 -0.007919 0.000000 -0.000973 0.000000 0.397241 0.002437 0.921283 0.820060 0.001754
13.252000 -0.008214 0.000000 -0.000148 0.000000 0.402512 0.002442 0.923120 0.821660 0.001747
13.303000 -0.008493 0.000000 0.000577 0.000000 0.407123 0.002428 0.924727 0.823838 0.001733
13.351000 -0.008728 0.000000 0.001181 0.000000 0.410982 0.002431 0.926072 0.825008 0.001729
13.402000 -0.008932 0.000000 0.001747 0.000000 0.414601 0.002435 0.927332 0.826103 0.001725
13.453000 -0.009078 0.000000 0.002243 0.000000 0.417768 0.002438 0.928434 0.827060 0.001721
13.501000 -0.009151 0.000000 0.002647 0.000000 0.420326 0.002422 0.929325 0.828579 0.001710
13.552000 -0.009040 0.000000 0.002461 0.000000 -0.386821 -0.002500 -0.917676 -0.813819 0.001760
13.603000 -0.008742 0.000000 0.001645 0.000000 -0.392031 -0.002505 -0.919494 -0.815392 0.001754
13.651000 -0.008438 0.000000 0.000961 0.000000 -0.396409 -0.002509 -0.921020 -0.816713 0.001748
13.702000 -0.008109 0.000000 0.000316 0.000000 -0.400522 -0.002500 -0.922454 -0.818582 0.001688
13.753000 -0.007786 0.000000 -0.000256 0.000000 -0.404185 -0.002503 -0.923730 -0.819685 0.001683
13.801000 -0.007499 0.000000 -0.000735 0.000000 -0.407248 -0.002507 -0.924797 -0.820607 0.001680
13.852000 -0.007225 0.000000 -0.001185 0.000000 -0.410133 -0.002509 -0.925801 -0.821475 0.001676
13.903000 -0.006992 0.000000 -0.001578 0.000000 -0.412637 -0.002499 -0.926674 -0.822829 0.001622
13.951000 -0.006818 0.000000 -0.001903 0.000000 -0.414721 -0.002501 -0.927399 -0.823454 0.001620
14.002000 -0.006689 0.000000 -0.002206 0.000000 -0.416657 -0.002503 -0.928073 -0.824034 0.001617
14.053000 -0.006625 0.000000 -0.002468 0.000000 -0.418330 -0.002505 -0.928656 -0.824535 0.001615
14.101000 -0.006750 0.000000 -0.002070 0.000000 0.390130 0.002388 0.918807 0.819526 0.001884
14.152000 -0.007034 0.000000 -0.001141 0.000000 0.396065 0.002393 0.920877 0.821335 0.001879
14.203000 -0.007327 0.000000 -0.000317 0.000000 0.401328 0.002398 0.922711 0.822937 0.001875
14.251000 -0.007593 0.000000 0.000371 0.000000 0.405726 0.002402 0.924243 0.824274 0.001871
14.302000 -0.007849 0.000000 0.001015 0.000000 0.409826 0.002390 0.925672 0.826202 0.001856
14.353000 -0.008063 0.000000 0.001582 0.000000 0.413447 0.002393 0.926933 0.827302 0.001853
14.401000 -0.008216 0.000000 0.002051 0.000000 0.416445 0.002396 0.927976 0.828211 0.001851
14.452000 -0.008315 0.000000 0.002487 0.000000 0.419233 0.002398 0.928947 0.829055 0.001849
14.503000 -0.008295 0.000000 0.002646 0.000000 -0.383473 -0.002449 -0.911113 -0.810723 0.001617
14.551000 -0.008029 0.000000 0.001856 0.000000 -0.390687 -0.002469 -0.919025 -0.816633 0.001592
14.602000 -0.007719 0.000000 0.001108 0.000000 -0.395475 -0.002474 -0.920695 -0.818077 0.001586
14.653000 -0.007397 0.000000 0.000443 0.000000 -0.399730 -0.002478 -0.922178 -0.819360 0.001581
14.701000 -0.007098 0.000000 -0.000112 0.000000 -0.403268 -0.002469 -0.923411 -0.820974 0.001532
14.752000 -0.006796 0.000000 -0.000636 0.000000 -0.406621 -0.002473 -0.924578 -0.821983 0.001528
14.803000 -0.006522 0.000000 -0.001098 0.000000 -0.409583 -0.002476 -0.925610 -0.822874 0.001524
14.851000 -0.006300 0.000000 -0.001483 0.000000 -0.412047 -0.002478 -0.926468 -0.823614 0.001521
14.902000 -0.006111 0.000000 -0.001838 0.000000 -0.414296 -0.002458 -0.927252 -0.825224 0.001515
14.953000 -0.005978 0.000000 -0.002147 0.000000 -0.416273 -0.002460 -0.927940 -0.825818 0.001513
15.001000 -0.005911 0.000000 -0.002400 0.000000 -0.417890 -0.002462 -0.928503 -0.826303 0.001511
15.052000 -0.006002 0.000000 -0.002152 0.000000 0.389526 0.002354 0.918598 0.820683 0.001919
15.103000 -0.006281 0.000000 -0.001233 0.000000 0.395376 0.002346 0.920640 0.823126 0.001839
15.151000 -0.006553 0.000000 -0.000464 0.000000 0.400288 0.002350 0.922352 0.824621 0.001836
15.202000 -0.006836 0.000000 0.000261 0.000000 0.404925 0.002354 0.923967 0.826032 0.001833
15.253000 -0.007095 0.000000 0.000902 0.000000 0.409020 0.002358 0.925394 0.827277 0.001830
15.301000 -0.007304 0.000000 0.001432 0.000000 0.412396 0.002348 0.926570 0.828919 0.001758
15.352000 -0.007477 0.000000 0.001928 0.000000 0.415565 0.002351 0.927673 0.829880 0.001756
15.403000 -0.007589 0.000000 0.002361 0.000000 0.418331 0.002353 0.928636 0.830717 0.001755
15.451000 -0.007628 0.000000 0.002716 0.000000 0.420597 0.002355 0.929425 0.831403 0.001753
15.502000 -0.007388 0.000000 0.002003 0.000000 -0.389717 -0.002404 -0.918688 -0.818984 0.001600
15.553000 -0.007088 0.000000 0.001246 0.000000 -0.394559 -0.002409 -0.920376 -0.820453 0.001595
15.601000 -0.006792 0.000000 0.000610 0.000000 -0.398624 -0.002413 -0.921793 -0.821685 0.001591
15.652000 -0.006477 0.000000 0.000009 0.000000 -0.402473 -0.002416 -0.923134 -0.822851 0.001587
15.703000 -0.006176 0.000000 -0.000520 0.000000 -0.405837 -0.002400 -0.924307 -0.824690 0.001578
15.751000 -0.005916 0.000000 -0.000961 0.000000 -0.408658 -0.002402 -0.925289 -0.825544 0.001575
15.802000 -0.005674 0.000000 -0.001375 0.000000 -0.411309 -0.002405 -0.926212 -0.826345 0.001573
15.853000 -0.005478 0.000000 -0.001738 0.000000 -0.413636 -0.002407 -0.927022 -0.827048 0.001571
15.901000 -0.005342 0.000000 -0.002034 0.000000 -0.415512 -0.002390 -0.927676 -0.828410 0.001563
15.952000 -0.005257 0.000000 -0.002308 0.000000 -0.417260 -0.002392 -0.928285 -0.828938 0.001562
16.002000 -0.005281 0.000000 -0.002319 0.000000 0.388479 0.002327 0.917883 0.821547 0.001766
16.052000 -0.005544 0.000000 -0.001411 0.000000 0.394241 0.002332 0.920284 0.823263 0.001762
16.102000 -0.005822 0.000000 -0.000605 0.000000 0.399365 0.002325 0.922066 0.825407 0.001694
16.152000 -0.006096 0.000000 0.000109 0.000000 0.403922 0.002329 0.923650 0.826803 0.001691
16.202000 -0.006351 0.000000 0.000741 0.000000 0.407959 0.002333 0.925053 0.828038 0.001689
16.252000 -0.006573 0.000000 0.001299 0.000000 0.411525 0.002336 0.926291 0.829129 0.001686
16.302000 -0.006750 0.000000 0.001789 0.000000 0.414637 0.002327 0.927372 0.830628 0.001625
16.352000 -0.006871 0.000000 0.002217 0.000000 0.417370 0.002330 0.928322 0.831462 0.001624
16.402000 -0.006927 0.000000 0.002591 0.000000 0.419751 0.002332 0.929148 0.832189 0.001622
16.452000 -0.006754 0.000000 0.002133 0.000000 -0.388920 -0.002353 -0.918446 -0.820653 0.001672
16.502000 -0.006471 0.000000 0.001383 0.000000 -0.393686 -0.002339 -0.920105 -0.822885 0.001659
16.552000 -0.006170 0.000000 0.000716 0.000000 -0.397944 -0.002343 -0.921586 -0.824190 0.001656
16.602000 -0.005866 0.000000 0.000123 0.000000 -0.401735 -0.002347 -0.922904 -0.825351 0.001653
16.652000 -0.005573 0.000000 -0.000404 0.000000 -0.405104 -0.002350 -0.924074 -0.826382 0.001650
16.702000 -0.005301 0.000000 -0.000867 0.000000 -0.408049 -0.002334 -0.925098 -0.828041 0.001640
16.752000 -0.005062 0.000000 -0.001276 0.000000 -0.410662 -0.002337 -0.926006 -0.828841 0.001638
16.802000 -0.004864 0.000000 -0.001636 0.000000 -0.412964 -0.002339 -0.926805 -0.829544 0.001636
16.852000 -0.004715 0.000000 -0.001951 0.000000 -0.414980 -0.002341 -0.927505 -0.830160 0.001635
16.902000 -0.004622 0.000000 -0.002223 0.000000 -0.416695 -0.002324 -0.928101 -0.831431 0.001626
16.952000 -0.004592 0.000000 -0.002452 0.000000 -0.418186 -0.002326 -0.928619 -0.831887 0.001625
17.002000 -0.004841 0.000000 -0.001567 0.000000 0.393177 0.002310 0.919915 0.823978 0.001634
17.052000 -0.005114 0.000000 -0.000755 0.000000 0.398355 0.002315 0.921716 0.825566 0.001631
17.102000 -0.005387 0.000000 -0.000037 0.000000 0.402930 0.002307 0.923306 0.827496 0.001574
17.152000 -0.005645 0.000000 0.000600 0.000000 0.406991 0.002311 0.924718 0.828740 0.001571
17.202000 -0.005873 0.000000 0.001162 0.000000 0.410582 0.002314 0.925965 0.829839 0.001569
17.252000 -0.006059 0.000000 0.001657 0.000000 0.413745 0.002317 0.927064 0.830806 0.001567
17.302000 -0.006193 0.000000 0.002090 0.000000 0.416494 0.002309 0.928019 0.832152 0.001515
17.352000 -0.006264 0.000000 0.002467 0.000000 0.418899 0.002311 0.928854 0.832886 0.001513
17.402000 -0.006164 0.000000 0.002288 0.000000 -0.387887 -0.002287 -0.918085 -0.822953 0.001747
17.452000 -0.005891 0.000000 0.001527 0.000000 -0.392752 -0.002291 -0.919780 -0.824456 0.001744
17.502000 -0.005599 0.000000 0.000851 0.000000 -0.397044 -0.002278 -0.921274 -0.826520 0.001734
17.552000 -0.005301 0.000000 0.000251 0.000000 -0.400876 -0.002281 -0.922606 -0.827698 0.001732
17.602000 -0.005009 0.000000 -0.000281 0.000000 -0.404283 -0.002284 -0.923790 -0.828744 0.001730
17.652000 -0.004737 0.000000 -0.000754 0.000000 -0.407304 -0.002287 -0.924839 -0.829672 0.001729
17.702000 -0.004494 0.000000 -0.001170 0.000000 -0.409953 -0.002279 -0.925760 -0.830983 0.001661
17.752000 -0.004290 0.000000 -0.001536 0.000000 -0.412293 -0.002281 -0.926572 -0.831701 0.001660
17.802000 -0.004132 0.000000 -0.001857 0.000000 -0.414346 -0.002283 -0.927285 -0.832330 0.001659
17.852000 -0.004028 0.000000 -0.002137 0.000000 -0.416136 -0.002284 -0.927907 -0.832879 0.001659
17.902000 -0.003985 0.000000 -0.002378 0.000000 -0.417662 -0.002276 -0.928437 -0.833824 0.001597
17.952000 -0.004175 0.000000 -0.001728 0.000000 0.392075 0.002277 0.919533 0.824981 0.001629
18.002000 -0.004441 0.000000 -0.000913 0.000000 0.397270 0.002281 0.921340 0.826576 0.001626
18.052000 -0.004711 0.000000 -0.000190 0.000000 0.401885 0.002286 0.922945 0.827993 0.001623
18.102000 -0.004969 0.000000 0.000448 0.000000 0.405941 0.002273 0.924355 0.829932 0.001618
18.152000 -0.005202 0.000000 0.001012 0.000000 0.409539 0.002276 0.925605 0.831035 0.001616
18.202000 -0.005396 0.000000 0.001508 0.000000 0.412712 0.002279 0.926707 0.832007 0.001615
18.252000 -0.005541 0.000000 0.001945 0.000000 0.415498 0.002281 0.927674 0.832860 0.001613
18.302000 -0.005628 0.000000 0.002324 0.000000 0.417893 0.002267 0.928506 0.834287 0.001609
18.352000 -0.005605 0.000000 0.002444 0.000000 -0.382198 -0.002224 -0.912802 -0.814623 0.001625
18.402000 -0.005346 0.000000 0.001667 0.000000 -0.391849 -0.002256 -0.919467 -0.825795 0.001604
18.452000 -0.005063 0.000000 0.000975 0.000000 -0.396267 -0.002259 -0.921003 -0.827155 0.001602
18.502000 -0.004771 0.000000 0.000361 0.000000 -0.400179 -0.002253 -0.922363 -0.828818 0.001544
18.552000 -0.004484 0.000000 -0.000184 0.000000 -0.403662 -0.002256 -0.923574 -0.829889 0.001542
18.602000 -0.004214 0.000000 -0.000667 0.000000 -0.406753 -0.002259 -0.924648 -0.830839 0.001541
18.652000 -0.003971 0.000000 -0.001095 0.000000 -0.409487 -0.002262 -0.925598 -0.831679 0.001539
18.702000 -0.003765 0.000000 -0.001470 0.000000 -0.411877 -0.002254 -0.926428 -0.832855 0.001486
18.752000 -0.003605 0.000000 -0.001799 0.000000 -0.413981 -0.002256 -0.927159 -0.833500 0.001485
18.802000 -0.003497 0.000000 -0.002087 0.000000 -0.415817 -0.002258 -0.927796 -0.834063 0.001485
18.852000 -0.003447 0.000000 -0.002336 0.000000 -0.417407 -0.002259 -0.928349 -0.834550 0.001484
18.902000 -0.003611 0.000000 -0.001800 0.000000 0.391520 0.002226 0.919342 0.826713 0.001803
18.950000 -0.003861 0.000000 -0.001027 0.000000 0.396453 0.002230 0.921058 0.828232 0.001801
19.000000 -0.004129 0.000000 -0.000309 0.000000 0.401032 0.002234 0.922650 0.829641 0.001799
19.050000 -0.004389 0.000000 0.000327 0.000000 0.405095 0.002238 0.924062 0.830891 0.001797
19.100000 -0.004625 0.000000 0.000887 0.000000 0.408651 0.002223 0.925298 0.832732 0.001792
19.150000 -0.004826 0.000000 0.001380 0.000000 0.411799 0.002226 0.926392 0.833700 0.001791
19.200000 -0.004982 0.000000 0.001814 0.000000 0.414566 0.002228 0.927352 0.834549 0.001790
19.250000 -0.005082 0.000000 0.002193 0.000000 0.416986 0.002230 0.928193 0.835292 0.001789
19.300000 -0.005119 0.000000 0.002520 0.000000 0.419048 0.002214 0.928909 0.836682 0.001784
19.350000 -0.004888 0.000000 0.001801 0.000000 -0.390998 -0.002229 -0.919170 -0.826781 0.001445
19.400000 -0.004615 0.000000 0.001095 0.000000 -0.395502 -0.002233 -0.920737 -0.828169 0.001442
19.450000 -0.004331 0.000000 0.000467 0.000000 -0.399514 -0.002237 -0.922132 -0.829404 0.001440
19.500000 -0.004050 0.000000 -0.000090 0.000000 -0.403061 -0.002231 -0.923365 -0.830910 0.001394
19.550000 -0.003783 0.000000 -0.000583 0.000000 -0.406214 -0.002234 -0.924461 -0.831880 0.001392
19.600000 -0.003542 0.000000 -0.001020 0.000000 -0.409004 -0.002236 -0.925430 -0.832738 0.001391
19.650000 -0.003336 0.000000 -0.001405 0.000000 -0.411466 -0.002238 -0.926285 -0.833494 0.001390
19.700000 -0.003174 0.000000 -0.001741 0.000000 -0.413609 -0.002232 -0.927030 -0.834553 0.001347
19.750000 -0.003064 0.000000 -0.002035 0.000000 -0.415485 -0.002233 -0.927681 -0.835129 0.001346
19.800000 -0.003011 0.000000 -0.002291 0.000000 -0.417113 -0.002235 -0.928247 -0.835628 0.001345
19.850000 -0.003153 0.000000 -0.001842 0.000000 0.391163 0.002176 0.919219 0.828554 0.001945
19.900000 -0.003409 0.000000 -0.001054 0.000000 0.396164 0.002160 0.920960 0.830926 0.001939
19.950000 -0.003673 0.000000 -0.000356 0.000000 0.400621 0.002164 0.922509 0.832302 0.001938
20.000000 -0.003930 0.000000 0.000264 0.000000 0.404577 0.002167 0.923884 0.833522 0.001938
20.050000 -0.004166 0.000000 0.000812 0.000000 0.408080 0.002170 0.925101 0.834602 0.001937
20.100000 -0.004369 0.000000 0.001293 0.000000 0.411127 0.002152 0.926160 0.836391 0.001933
20.150000 -0.004529 0.000000 0.001714 0.000000 0.413817 0.002154 0.927095 0.837220 0.001932
20.200000 -0.004636 0.000000 0.002084 0.000000 0.416171 0.002156 0.927912 0.837945 0.001932
20.250000 -0.004683 0.000000 0.002405 0.000000 0.418218 0.002158 0.928623 0.838575 0.001932
20.300000 -0.004503 0.000000 0.001879 0.000000 -0.390481 -0.002192 -0.918991 -0.828249 0.001349
20.350000 -0.004240 0.000000 0.001169 0.000000 -0.395010 -0.002196 -0.920567 -0.829645 0.001347
20.400000 -0.003964 0.000000 0.000537 0.000000 -0.399044 -0.002200 -0.921969 -0.830887 0.001345
20.450000 -0.003689 0.000000 -0.000024 0.000000 -0.402631 -0.002203 -0.923216 -0.831990 0.001344
20.500000 -0.003428 0.000000 -0.000520 0.000000 -0.405784 -0.002192 -0.924312 -0.833535 0.001340
20.550000 -0.003190 0.000000 -0.000958 0.000000 -0.408583 -0.002194 -0.925284 -0.834396 0.001338
20.600000 -0.002987 0.000000 -0.001344 0.000000 -0.411052 -0.002196 -0.926142 -0.835154 0.001337
20.650000 -0.002825 0.000000 -0.001684 0.000000 -0.413222 -0.002198 -0.926896 -0.835821 0.001337
20.700000 -0.002714 0.000000 -0.001978 0.000000 -0.415086 -0.002185 -0.927543 -0.837004 0.001333
20.750000 -0.002659 0.000000 -0.002233 0.000000 -0.416711 -0.002187 -0.928108 -0.837503 0.001332
20.800000 -0.002786 0.000000 -0.001849 0.000000 0.391060 0.002141 0.919185 0.829972 0.001924
20.850000 -0.003037 0.000000 -0.001070 0.000000 0.396027 0.002145 0.920913 0.831510 0.001924
20.900000 -0.003297 0.000000 -0.000379 0.000000 0.400418 0.002138 0.922440 0.833404 0.001838
20.950000 -0.003550 0.000000 0.000232 0.000000 0.404322 0.002141 0.923797 0.834611 0.001837
21.000000 -0.003784 0.000000 0.000773 0.000000 0.407780 0.002144 0.924998 0.835679 0.001837
21.050000 -0.003986 0.000000 0.001251 0.000000 0.410832 0.002147 0.926059 0.836621 0.001836
21.100000 -0.004146 0.000000 0.001670 0.000000 0.413494 0.002138 0.926983 0.837951 0.001758
21.150000 -0.004255 0.000000 0.002036 0.000000 0.415829 0.002140 0.927794 0.838671 0.001758
21.200000 -0.004304 0.000000 0.002355 0.000000 0.417861 0.002142 0.928500 0.839297 0.001757
21.250000 -0.004140 0.000000 0.001893 0.000000 -0.390366 -0.002152 -0.918951 -0.829821 0.001419
21.300000 -0.003882 0.000000 0.001188 0.000000 -0.394851 -0.002147 -0.920512 -0.831586 0.001373
21.350000 -0.003611 0.000000 0.000562 0.000000 -0.398849 -0.002151 -0.921902 -0.832821 0.001371
21.400000 -0.003339 0.000000 0.000005 0.000000 -0.402405 -0.002154 -0.923138 -0.833918 0.001370
21.450000 -0.003079 0.000000 -0.000489 0.000000 -0.405562 -0.002156 -0.924235 -0.834892 0.001369
21.500000 -0.002843 0.000000 -0.000925 0.000000 -0.408339 -0.002151 -0.925200 -0.836113 0.001326
21.550000 -0.002640 0.000000 -0.001309 0.000000 -0.410795 -0.002153 -0.926053 -0.836869 0.001325
21.600000 -0.002479 0.000000 -0.001646 0.000000 -0.412953 -0.002155 -0.926803 -0.837534 0.001324
21.650000 -0.002366 0.000000 -0.001942 0.000000 -0.414839 -0.002157 -0.927458 -0.838114 0.001324
21.700000 -0.002308 0.000000 -0.002196 0.000000 -0.416446 -0.002144 -0.928017 -0.839186 0.001321
21.750000 -0.002421 0.000000 -0.001868 0.000000 0.390872 0.002105 0.919121 0.831421 0.001918
21.800000 -0.002666 0.000000 -0.001100 0.000000 0.395768 0.002109 0.920824 0.832939 0.001918
21.850000 -0.002922 0.000000 -0.000418 0.000000 0.400121 0.002113 0.922338 0.834288 0.001917
21.900000 -0.003173 0.000000 0.000186 0.000000 0.403963 0.002106 0.923674 0.835980 0.001831
21.950000 -0.003405 0.000000 0.000720 0.000000 0.407372 0.002108 0.924858 0.837035 0.001830
22.000000 -0.003607 0.000000 0.001191 0.000000 0.410383 0.002111 0.925904 0.837966 0.001830
22.050000 -0.003769 0.000000 0.001606 0.000000 0.413031 0.002113 0.926824 0.838784 0.001830
22.100000 -0.003881 0.000000 0.001968 0.000000 0.415330 0.002105 0.927622 0.839967 0.001751
22.150000 -0.003935 0.000000 0.002283 0.000000 0.417335 0.002107 0.928319 0.840586 0.001751
22.200000 -0.003800 0.000000 0.001925 0.000000 -0.390131 -0.002112 -0.918870 -0.831401 0.001409
22.250000 -0.003549 0.000000 0.001222 0.000000 -0.394619 -0.002116 -0.920432 -0.832790 0.001408
22.300000 -0.003283 0.000000 0.000597 0.000000 -0.398599 -0.002112 -0.921816 -0.834376 0.001361
22.350000 -0.003016 0.000000 0.000042 0.000000 -0.402144 -0.002114 -0.923048 -0.835472 0.001360
22.400000 -0.002761 0.000000 -0.000450 0.000000 -0.405290 -0.002117 -0.924141 -0.836444 0.001360
22.450000 -0.002528 0.000000 -0.000886 0.000000 -0.408076 -0.002119 -0.925109 -0.837305 0.001359
22.500000 -0.002327 0.000000 -0.001270 0.000000 -0.410519 -0.002114 -0.925958 -0.838401 0.001316
22.550000 -0.002166 0.000000 -0.001606 0.000000 -0.412670 -0.002116 -0.926705 -0.839064 0.001315
22.600000 -0.002053 0.000000 -0.001901 0.000000 -0.414551 -0.002118 -0.927359 -0.839644 0.001315
22.650000 -0.001995 0.000000 -0.002157 0.000000 -0.416185 -0.002119 -0.927926 -0.840148 0.001314
22.700000 -0.002097 0.000000 -0.001870 0.000000 0.390798 0.002074 0.919096 0.832701 0.001912
22.750000 -0.002339 0.000000 -0.001114 0.000000 0.395622 0.002078 0.920774 0.834199 0.001912
22.800000 -0.002591 0.000000 -0.000442 0.000000 0.399912 0.002081 0.922266 0.835530 0.001912
22.850000 -0.002839 0.000000 0.000155 0.000000 0.403720 0.002084 0.923590 0.836711 0.001912
22.900000 -0.003070 0.000000 0.000682 0.000000 0.407073 0.002077 0.924755 0.838231 0.001825
22.950000 -0.003272 0.000000 0.001146 0.000000 0.410040 0.002080 0.925786 0.839150 0.001825
23.000000 -0.003434 0.000000 0.001555 0.000000 0.412651 0.002082 0.926693 0.839958 0.001825
23.050000 -0.003548 0.000000 0.001914 0.000000 0.414938 0.002084 0.927487 0.840666 0.001825
23.100000 -0.003606 0.000000 0.002225 0.000000 0.416909 0.002076 0.928172 0.841733 0.001746
23.150000 -0.003491 0.000000 0.001941 0.000000 -0.390007 -0.002075 -0.918828 -0.832894 0.001400
23.200000 -0.003246 0.000000 0.001241 0.000000 -0.394470 -0.002079 -0.920380 -0.834278 0.001399
23.250000 -0.002985 0.000000 0.000618 0.000000 -0.398445 -0.002082 -0.921763 -0.835510 0.001399
23.300000 -0.002724 0.000000 0.000066 0.000000 -0.401964 -0.002078 -0.922986 -0.836938 0.001352
23.350000 -0.002473 0.000000 -0.000423 0.000000 -0.405092 -0.002080 -0.924073 -0.837907 0.001352
23.400000 -0.002243 0.000000 -0.000857 0.000000 -0.407862 -0.002083 -0.925036 -0.838764 0.001351
23.450000 -0.002045 0.000000 -0.001239 0.000000 -0.410307 -0.002085 -0.925885 -0.839520 0.001351
23.500000 -0.001886 0.000000 -0.001574 0.000000 -0.412441 -0.002080 -0.926626 -0.840506 0.001308
23.550000 -0.001775 0.000000 -0.001867 0.000000 -0.414312 -0.002081 -0.927276 -0.841084 0.001308
23.600000 -0.001716 0.000000 -0.002122 0.000000 -0.415937 -0.002082 -0.927840 -0.841585 0.001307
23.650000 -0.001812 0.000000 -0.001865 0.000000 0.390782 0.002045 0.919092 0.833921 0.001908
23.700000 -0.002050 0.000000 -0.001121 0.000000 0.395513 0.002039 0.920738 0.835859 0.001821
23.750000 -0.002299 0.000000 -0.000460 0.000000 0.399727 0.002042 0.922203 0.837168 0.001821
23.800000 -0.002545 0.000000 0.000126 0.000000 0.403468 0.002045 0.923504 0.838330 0.001821
23.850000 -0.002775 0.000000 0.000645 0.000000 0.406783 0.002048 0.924655 0.839358 0.001821
23.900000 -0.002976 0.000000 0.001102 0.000000 0.409692 0.002041 0.925666 0.840706 0.001742
23.950000 -0.003139 0.000000 0.001504 0.000000 0.412257 0.002043 0.926557 0.841501 0.001742
24.000000 -0.003256 0.000000 0.001856 0.000000 0.414505 0.002045 0.927338 0.842197 0.001742
24.050000 -0.003318 0.000000 0.002163 0.000000 0.416463 0.002047 0.928018 0.842803 0.001742
24.100000 -0.003228 0.000000 0.001972 0.000000 -0.389787 -0.002046 -0.918752 -0.833999 0.001440
24.150000 -0.002989 0.000000 0.001273 0.000000 -0.394246 -0.002049 -0.920303 -0.835385 0.001439
24.200000 -0.002734 0.000000 0.000651 0.000000 -0.398216 -0.002052 -0.921684 -0.836618 0.001439
24.250000 -0.002476 0.000000 0.000099 0.000000 -0.401747 -0.002055 -0.922911 -0.837714 0.001438
24.300000 -0.002228 0.000000 -0.000391 0.000000 -0.404865 -0.002051 -0.923995 -0.839021 0.001389
24.350000 -0.002002 0.000000 -0.000824 0.000000 -0.407631 -0.002053 -0.924956 -0.839878 0.001389
24.400000 -0.001805 0.000000 -0.001206 0.000000 -0.410073 -0.002055 -0.925804 -0.840635 0.001388
24.450000 -0.001647 0.000000 -0.001542 0.000000 -0.412220 -0.002056 -0.926550 -0.841300 0.001388
24.500000 -0.001536 0.000000 -0.001835 0.000000 -0.414083 -0.002051 -0.927197 -0.842203 0.001342
24.550000 -0.001477 0.000000 -0.002089 0.000000 -0.415706 -0.002053 -0.927761 -0.842705 0.001342
24.600000 -0.001567 0.000000 -0.001855 0.000000 0.390779 0.002008 0.919092 0.835549 0.001817
24.650000 -0.001801 0.000000 -0.001123 0.000000 0.395448 0.002011 0.920716 0.837002 0.001817
24.700000 -0.002046 0.000000 -0.000474 0.000000 0.399581 0.002006 0.922154 0.838722 0.001739
24.750000 -0.002289 0.000000 0.000102 0.000000 0.403256 0.002009 0.923431 0.839865 0.001739
24.800000 -0.002516 0.000000 0.000612 0.000000 0.406513 0.002011 0.924563 0.840876 0.001739
24.850000 -0.002716 0.000000 0.001062 0.000000 0.409390 0.002013 0.925563 0.841770 0.001739
24.900000 -0.002879 0.000000 0.001458 0.000000 0.411906 0.002007 0.926436 0.842966 0.001667
24.950000 -0.002997 0.000000 0.001804 0.000000 0.414115 0.002009 0.927204 0.843651 0.001667
25.000000 -0.003061 0.000000 0.002106 0.000000 0.416039 0.002010 0.927872 0.844248 0.001667
25.050000 -0.002990 0.000000 0.001985 0.000000 -0.389691 -0.002021 -0.918717 -0.835009 0.001434
25.100000 -0.002756 0.000000 0.001289 0.000000 -0.394122 -0.002017 -0.920260 -0.836717 0.001385
25.150000 -0.002506 0.000000 0.000670 0.000000 -0.398070 -0.002021 -0.921634 -0.837945 0.001385
25.200000 -0.002252 0.000000 0.000121 0.000000 -0.401582 -0.002023 -0.922854 -0.839037 0.001385
25.250000 -0.002009 0.000000 -0.000367 0.000000 -0.404699 -0.002026 -0.923937 -0.840006 0.001384
25.300000 -0.001785 0.000000 -0.000798 0.000000 -0.407445 -0.002021 -0.924892 -0.841174 0.001338
25.350000 -0.001591 0.000000 -0.001178 0.000000 -0.409873 -0.002023 -0.925735 -0.841927 0.001338
25.400000 -0.001435 0.000000 -0.001512 0.000000 -0.412008 -0.002025 -0.926477 -0.842590 0.001338
25.450000 -0.001324 0.000000 -0.001805 0.000000 -0.413875 -0.002026 -0.927125 -0.843169 0.001338
25.500000 -0.001266 0.000000 -0.002057 0.000000 -0.415463 -0.002012 -0.927677 -0.844326 0.001338
25.550000 -0.001354 0.000000 -0.001827 0.000000 0.390916 0.001981 0.919141 0.836725 0.001813
25.600000 -0.001584 0.000000 -0.001107 0.000000 0.395504 0.001984 0.920737 0.838155 0.001813
25.650000 -0.001826 0.000000 -0.000468 0.000000 0.399585 0.001987 0.922156 0.839425 0.001814
25.700000 -0.002064 0.000000 0.000099 0.000000 0.403190 0.001982 0.923409 0.840968 0.001735
25.750000 -0.002288 0.000000 0.000600 0.000000 0.406389 0.001984 0.924521 0.841963 0.001735
25.800000 -0.002485 0.000000 0.001042 0.000000 0.409216 0.001986 0.925503 0.842842 0.001735
25.850000 -0.002645 0.000000 0.001432 0.000000 0.411705 0.001988 0.926368 0.843615 0.001735
25.900000 -0.002761 0.000000 0.001773 0.000000 0.413869 0.001982 0.927119 0.844687 0.001663
25.950000 -0.002825 0.000000 0.002069 0.000000 0.415759 0.001983 0.927776 0.845273 0.001663
26.000000 -0.002755 0.000000 0.001949 0.000000 -0.389888 -0.001981 -0.918787 -0.836717 0.001430
26.050000 -0.002525 0.000000 0.001263 0.000000 -0.394261 -0.001985 -0.920309 -0.838082 0.001429
26.100000 -0.002279 0.000000 0.000654 0.000000 -0.398141 -0.001981 -0.921659 -0.839606 0.001380
26.150000 -0.002031 0.000000 0.000113 0.000000 -0.401594 -0.001984 -0.922859 -0.840682 0.001380
26.200000 -0.001792 0.000000 -0.000367 0.000000 -0.404660 -0.001986 -0.923925 -0.841637 0.001380
26.250000 -0.001573 0.000000 -0.000791 0.000000 -0.407374 -0.001988 -0.924868 -0.842481 0.001380
26.300000 -0.001383 0.000000 -0.001165 0.000000 -0.409757 -0.001984 -0.925696 -0.843527 0.001334
26.350000 -0.001231 0.000000 -0.001494 0.000000 -0.411855 -0.001985 -0.926424 -0.844179 0.001334
26.400000 -0.001123 0.000000 -0.001781 0.000000 -0.413691 -0.001987 -0.927062 -0.844749 0.001334
26.450000 -0.001067 0.000000 -0.002032 0.000000 -0.415286 -0.001988 -0.927616 -0.845244 0.001334
26.500000 -0.001162 0.000000 -0.001774 0.000000 0.391207 0.001954 0.919243 0.837952 0.001809
26.550000 -0.001389 0.000000 -0.001070 0.000000 0.395698 0.001957 0.920805 0.839353 0.001810
26.600000 -0.001626 0.000000 -0.000444 0.000000 0.399693 0.001960 0.922194 0.840599 0.001810
26.650000 -0.001861 0.000000 0.000112 0.000000 0.403240 0.001963 0.923427 0.841704 0.001811
26.700000 -0.002080 0.000000 0.000603 0.000000 0.406365 0.001957 0.924513 0.843082 0.001732
26.750000 -0.002273 0.000000 0.001036 0.000000 0.409131 0.001959 0.925474 0.843943 0.001732
26.800000 -0.002430 0.000000 0.001417 0.000000 0.411565 0.001961 0.926320 0.844700 0.001732
26.850000 -0.002543 0.000000 0.001752 0.000000 0.413699 0.001963 0.927061 0.845363 0.001732
26.900000 -0.002605 0.000000 0.002042 0.000000 0.415541 0.001956 0.927701 0.846320 0.001660
26.950000 -0.002530 0.000000 0.001899 0.000000 -0.390175 -0.001948 -0.918888 -0.838189 0.001425
27.000000 -0.002303 0.000000 0.001225 0.000000 -0.394477 -0.001951 -0.920385 -0.839533 0.001425
27.050000 -0.002061 0.000000 0.000625 0.000000 -0.398306 -0.001954 -0.921717 -0.840728 0.001425
27.100000 -0.001816 0.000000 0.000093 0.000000 -0.401698 -0.001951 -0.922896 -0.842093 0.001376
27.150000 -0.001582 0.000000 -0.000379 0.000000 -0.404711 -0.001953 -0.923943 -0.843033 0.001376
27.200000 -0.001367 0.000000 -0.000797 0.000000 -0.407380 -0.001955 -0.924870 -0.843865 0.001376
27.250000 -0.001182 0.000000 -0.001165 0.000000 -0.409734 -0.001957 -0.925688 -0.844598 0.001376
27.300000 -0.001034 0.000000 -0.001488 0.000000 -0.411791 -0.001952 -0.926403 -0.845535 0.001330
27.350000 -0.000931 0.000000 -0.001771 0.000000 -0.413593 -0.001954 -0.927029 -0.846095 0.001330
27.400000 -0.000878 0.000000 -0.002016 0.000000 -0.415158 -0.001955 -0.927572 -0.846582 0.001330
27.450000 -0.000982 0.000000 -0.001724 0.000000 0.391477 0.001926 0.919338 0.839208 0.001806
27.500000 -0.001207 0.000000 -0.001036 0.000000 0.395858 0.001922 0.920862 0.840963 0.001728
27.550000 -0.001442 0.000000 -0.000425 0.000000 0.399759 0.001924 0.922218 0.842181 0.001728
27.600000 -0.001674 0.000000 0.000118 0.000000 0.403223 0.001927 0.923422 0.843262 0.001728
27.650000 -0.001891 0.000000 0.000599 0.000000 0.406292 0.001929 0.924489 0.844220 0.001729
27.700000 -0.002082 0.000000 0.001022 0.000000 0.408987 0.001924 0.925426 0.845429 0.001656
27.750000 -0.002238 0.000000 0.001395 0.000000 0.411365 0.001926 0.926251 0.846169 0.001657
27.800000 -0.002350 0.000000 0.001721 0.000000 0.413448 0.001927 0.926975 0.846818 0.001657
27.850000 -0.002412 0.000000 0.002006 0.000000 0.415262 0.001929 0.927605 0.847382 0.001657
27.900000 -0.002344 0.000000 0.001884 0.000000 -0.390257 -0.001924 -0.918917 -0.839176 0.001473
27.950000 -0.002121 0.000000 0.001215 0.000000 -0.394522 -0.001927 -0.920401 -0.840510 0.001473
28.000000 -0.001883 0.000000 0.000620 0.000000 -0.398318 -0.001930 -0.921721 -0.841697 0.001473
28.050000 -0.001643 0.000000 0.000092 0.000000 -0.401694 -0.001932 -0.922895 -0.842751 0.001473
28.100000 -0.001412 0.000000 -0.000376 0.000000 -0.404675 -0.001928 -0.923931 -0.843995 0.001421
28.150000 -0.001201 0.000000 -0.000790 0.000000 -0.407318 -0.001930 -0.924849 -0.844820 0.001421
28.200000 -0.001020 0.000000 -0.001155 0.000000 -0.409651 -0.001932 -0.925660 -0.845548 0.001421
28.250000 -0.000875 0.000000 -0.001476 0.000000 -0.411701 -0.001934 -0.926372 -0.846187 0.001421
28.300000 -0.000775 0.000000 -0.001756 0.000000 -0.413480 -0.001929 -0.926990 -0.847042 0.001372
28.350000 -0.000725 0.000000 -0.001999 0.000000 -0.415028 -0.001930 -0.927528 -0.847524 0.001372
28.400000 -0.000837 0.000000 -0.001676 0.000000 0.391736 0.001892 0.919429 0.840791 0.001724
28.450000 -0.001060 0.000000 -0.001002 0.000000 0.396034 0.001895 0.920924 0.842135 0.001725
28.500000 -0.001292 0.000000 -0.000404 0.000000 0.399841 0.001891 0.922248 0.843683 0.001653
28.550000 -0.001521 0.000000 0.000126 0.000000 0.403225 0.001893 0.923424 0.844741 0.001653
28.600000 -0.001735 0.000000 0.000596 0.000000 0.406224 0.001895 0.924466 0.845677 0.001654
28.650000 -0.001923 0.000000 0.001011 0.000000 0.408873 0.001897 0.925387 0.846504 0.001654
28.700000 -0.002076 0.000000 0.001375 0.000000 0.411190 0.001892 0.926192 0.847569 0.001588
28.750000 -0.002187 0.000000 0.001694 0.000000 0.413224 0.001894 0.926898 0.848203 0.001588
28.800000 -0.002248 0.000000 0.001972 0.000000 0.414996 0.001895 0.927514 0.848756 0.001588
28.850000 -0.002183 0.000000 0.001859 0.000000 -0.390399 -0.001903 -0.918967 -0.840093 0.001470
28.900000 -0.001963 0.000000 0.001198 0.000000 -0.394599 -0.001895 -0.920428 -0.841870 0.001470
28.950000 -0.001729 0.000000 0.000611 0.000000 -0.398344 -0.001898 -0.921731 -0.843042 0.001470
29.000000 -0.001493 0.000000 0.000090 0.000000 -0.401673 -0.001900 -0.922888 -0.844083 0.001470
29.050000 -0.001266 0.000000 -0.000373 0.000000 -0.404628 -0.001902 -0.923915 -0.845007 0.001470
29.100000 -0.001059 0.000000 -0.000781 0.000000 -0.407230 -0.001898 -0.924819 -0.846121 0.001418
29.150000 -0.000881 0.000000 -0.001141 0.000000 -0.409530 -0.001900 -0.925618 -0.846840 0.001418
29.200000 -0.000739 0.000000 -0.001457 0.000000 -0.411551 -0.001901 -0.926320 -0.847470 0.001418
29.250000 -0.000641 0.000000 -0.001734 0.000000 -0.413318 -0.001903 -0.926934 -0.848021 0.001418
29.300000 -0.000593 0.000000 -0.001974 0.000000 -0.414840 -0.001898 -0.927463 -0.848785 0.001369
29.350000 -0.000707 0.000000 -0.001639 0.000000 0.391929 0.001867 0.919497 0.841872 0.001722
29.400000 -0.000927 0.000000 -0.000977 0.000000 0.396151 0.001870 0.920966 0.843195 0.001722
29.450000 -0.001156 0.000000 -0.000389 0.000000 0.399907 0.001873 0.922271 0.844371 0.001723
29.500000 -0.001381 0.000000 0.000133 0.000000 0.403226 0.001869 0.923425 0.845760 0.001651
29.550000 -0.001592 0.000000 0.000594 0.000000 0.406170 0.001871 0.924448 0.846681 0.001651
29.600000 -0.001777 0.000000 0.001001 0.000000 0.408771 0.001873 0.925352 0.847494 0.001652
29.650000 -0.001928 0.000000 0.001360 0.000000 0.411061 0.001874 0.926148 0.848210 0.001652
29.700000 -0.002036 0.000000 0.001673 0.000000 0.413053 0.001869 0.926839 0.849168 0.001586
29.750000 -0.002096 0.000000 0.001946 0.000000 0.414791 0.001870 0.927443 0.849710 0.001586
29.800000 -0.002029 0.000000 0.001823 0.000000 -0.390596 -0.001871 -0.919036 -0.841509 0.001467
29.850000 -0.001812 0.000000 0.001171 0.000000 -0.394754 -0.001874 -0.920483 -0.842812 0.001467
29.900000 -0.001581 0.000000 0.000592 0.000000 -0.398443 -0.001871 -0.921766 -0.844258 0.001415
29.950000 -0.001348 0.000000 0.000078 0.000000 -0.401726 -0.001873 -0.922907 -0.845286 0.001415
30.000000 -0.001125 0.000000 -0.000378 0.000000 -0.404639 -0.001875 -0.923920 -0.846198 0.001416
30.050000 -0.000921 0.000000 -0.000782 0.000000 -0.407218 -0.001877 -0.924815 -0.847004 0.001416
30.100000 -0.000747 0.000000 -0.001137 0.000000 -0.409481 -0.001873 -0.925602 -0.847990 0.001367
30.150000 -0.000608 0.000000 -0.001449 0.000000 -0.411472 -0.001875 -0.926293 -0.848613 0.001367
30.200000 -0.000513 0.000000 -0.001722 0.000000 -0.413213 -0.001876 -0.926898 -0.849156 0.001367
30.250000 -0.000467 0.000000 -0.001959 0.000000 -0.414724 -0.001877 -0.927423 -0.849628 0.001367
30.300000 -0.000589 0.000000 -0.001593 0.000000 0.392191 0.001845 0.919589 0.842900 0.001721
30.350000 -0.000807 0.000000 -0.000943 0.000000 0.396334 0.001848 0.921030 0.844199 0.001721
30.400000 -0.001034 0.000000 -0.000365 0.000000 0.400019 0.001851 0.922311 0.845354 0.001722
30.450000 -0.001256 0.000000 0.000147 0.000000 0.403291 0.001853 0.923449 0.846379 0.001723
30.500000 -0.001463 0.000000 0.000600 0.000000 0.406174 0.001848 0.924451 0.847624 0.001650
30.550000 -0.001645 0.000000 0.000999 0.000000 0.408725 0.001850 0.925337 0.848422 0.001651
30.600000 -0.001793 0.000000 0.001351 0.000000 0.410971 0.001852 0.926117 0.849125 0.001651
30.650000 -0.001899 0.000000 0.001659 0.000000 0.412937 0.001853 0.926800 0.849739 0.001652
30.700000 -0.001957 0.000000 0.001927 0.000000 0.414636 0.001848 0.927390 0.850596 0.001585
30.750000 -0.001884 0.000000 0.001777 0.000000 -0.390868 -0.001847 -0.919132 -0.842604 0.001463
30.800000 -0.001669 0.000000 0.001135 0.000000 -0.394965 -0.001850 -0.920557 -0.843890 0.001464
30.850000 -0.001441 0.000000 0.000563 0.000000 -0.398612 -0.001852 -0.921825 -0.845034 0.001464
30.900000 -0.001212 0.000000 0.000056 0.000000 -0.401842 -0.001849 -0.922948 -0.846328 0.001412
30.950000 -0.000993 0.000000 -0.000393 0.000000 -0.404710 -0.001851 -0.923945 -0.847227 0.001412
31.000000 -0.000794 0.000000 -0.000790 0.000000 -0.407249 -0.001853 -0.924827 -0.848022 0.001413
31.050000 -0.000623 0.000000 -0.001141 0.000000 -0.409488 -0.001854 -0.925604 -0.848723 0.001413
31.100000 -0.000489 0.000000 -0.001448 0.000000 -0.411443 -0.001850 -0.926284 -0.849606 0.001364
31.150000 -0.000398 0.000000 -0.001716 0.000000 -0.413154 -0.001852 -0.926878 -0.850141 0.001364
31.200000 -0.000356 0.000000 -0.001949 0.000000 -0.414640 -0.001853 -0.927394 -0.850605 0.001364
31.250000 -0.000491 0.000000 -0.001532 0.000000 0.392543 0.001823 0.919712 0.843949 0.001719
31.300000 -0.000707 0.000000 -0.000897 0.000000 0.396585 0.001819 0.921118 0.845547 0.001647
31.350000 -0.000930 0.000000 -0.000333 0.000000 0.400183 0.001822 0.922369 0.846676 0.001648
31.400000 -0.001150 0.000000 0.000167 0.000000 0.403378 0.001824 0.923480 0.847678 0.001649
31.450000 -0.001354 0.000000 0.000611 0.000000 0.406207 0.001826 0.924463 0.848565 0.001649
31.500000 -0.001532 0.000000 0.001001 0.000000 0.408693 0.001821 0.925326 0.849660 0.001583
31.550000 -0.001677 0.000000 0.001344 0.000000 0.410883 0.001823 0.926087 0.850346 0.001583
31.600000 -0.001780 0.000000 0.001645 0.000000 0.412802 0.001824 0.926754 0.850946 0.001583
31.650000 -0.001836 0.000000 0.001907 0.000000 0.414472 0.001826 0.927334 0.851468 0.001584
31.700000 -0.001756 0.000000 0.001727 0.000000 -0.391166 -0.001823 -0.919236 -0.843628 0.001517
31.750000 -0.001545 0.000000 0.001095 0.000000 -0.395198 -0.001826 -0.920638 -0.844895 0.001518
31.800000 -0.001320 0.000000 0.000532 0.000000 -0.398787 -0.001829 -0.921886 -0.846022 0.001518
31.850000 -0.001094 0.000000 0.000033 0.000000 -0.401977 -0.001831 -0.922995 -0.847024 0.001519
31.900000 -0.000879 0.000000 -0.000409 0.000000 -0.404794 -0.001827 -0.923974 -0.848194 0.001463
31.950000 -0.000685 0.000000 -0.000800 0.000000 -0.407289 -0.001829 -0.924841 -0.848977 0.001463
32.000000 -0.000519 0.000000 -0.001145 0.000000 -0.409490 -0.001830 -0.925606 -0.849667 0.001463
32.051000 -0.000387 0.000000 -0.001453 0.000000 -0.411441 -0.001832 -0.926271 -0.850310 0.001464
32.102000 -0.000301 0.000000 -0.001721 0.000000 -0.413146 -0.001828 -0.926865 -0.851115 0.001411
32.150000 -0.000266 0.000000 -0.001940 0.000000 -0.414543 -0.001829 -0.927352 -0.851549 0.001411
32.201000 -0.000421 0.000000 -0.001444 0.000000 0.393021 0.001796 0.919850 0.845377 0.001645
32.252000 -0.000639 0.000000 -0.000814 0.000000 0.397044 0.001799 0.921253 0.846633 0.001646
32.300000 -0.000851 0.000000 -0.000288 0.000000 0.400401 0.001795 0.922423 0.847986 0.001580
32.351000 -0.001071 0.000000 0.000209 0.000000 0.403575 0.001797 0.923529 0.848976 0.001580
32.402000 -0.001273 0.000000 0.000648 0.000000 0.406379 0.001799 0.924505 0.849849 0.001581
32.450000 -0.001440 0.000000 0.001012 0.000000 0.408712 0.001801 0.925318 0.850576 0.001582
32.501000 -0.001582 0.000000 0.001353 0.000000 0.410883 0.001796 0.926074 0.851545 0.001520
32.552000 -0.001681 0.000000 0.001650 0.000000 0.412782 0.001798 0.926735 0.852135 0.001521
32.600000 -0.001729 0.000000 0.001894 0.000000 0.414338 0.001799 0.927278 0.852618 0.001521
32.651000 -0.001632 0.000000 0.001644 0.000000 -0.391619 -0.001805 -0.919392 -0.844613 0.001516
32.702000 -0.001417 0.000000 0.001015 0.000000 -0.395643 -0.001797 -0.920768 -0.846328 0.001516
32.750000 -0.001204 0.000000 0.000488 0.000000 -0.399008 -0.001799 -0.921941 -0.847379 0.001517
32.801000 -0.000977 0.000000 -0.000010 0.000000 -0.402190 -0.001802 -0.923049 -0.848371 0.001518
32.852000 -0.000763 0.000000 -0.000450 0.000000 -0.405004 -0.001804 -0.924030 -0.849249 0.001518
32.900000 -0.000581 0.000000 -0.000816 0.000000 -0.407338 -0.001800 -0.924843 -0.850256 0.001462
32.951000 -0.000417 0.000000 -0.001159 0.000000 -0.409531 -0.001801 -0.925607 -0.850938 0.001462
33.002000 -0.000291 0.000000 -0.001459 0.000000 -0.411451 -0.001802 -0.926275 -0.851536 0.001462
33.050000 -0.000214 0.000000 -0.001706 0.000000 -0.413030 -0.001804 -0.926825 -0.852027 0.001463
33.101000 -0.000181 0.000000 -0.001934 0.000000 -0.414476 -0.001799 -0.927329 -0.852743 0.001410
33.152000 -0.000355 0.000000 -0.001358 0.000000 0.393544 0.001776 0.920033 0.846363 0.001644
33.200000 -0.000559 0.000000 -0.000778 0.000000 0.397247 0.001779 0.921324 0.847520 0.001645
33.251000 -0.000781 0.000000 -0.000230 0.000000 0.400749 0.001781 0.922545 0.848613 0.001645
33.302000 -0.000996 0.000000 0.000255 0.000000 0.403838 0.001778 0.923621 0.849877 0.001579
33.350000 -0.001182 0.000000 0.000658 0.000000 0.406416 0.001779 0.924519 0.850681 0.001580
33.401000 -0.001354 0.000000 0.001037 0.000000 0.408838 0.001781 0.925363 0.851436 0.001580
33.452000 -0.001490 0.000000 0.001369 0.000000 0.410962 0.001782 0.926102 0.852098 0.001581
33.500000 -0.001578 0.000000 0.001642 0.000000 0.412702 0.001778 0.926709 0.852926 0.001519
33.551000 -0.001624 0.000000 0.001895 0.000000 0.414314 0.001779 0.927270 0.853427 0.001520
33.602000 -0.001502 0.000000 0.001543 0.000000 -0.392248 -0.001776 -0.919589 -0.846044 0.001514
33.650000 -0.001300 0.000000 0.000964 0.000000 -0.395951 -0.001779 -0.920876 -0.847206 0.001515
33.701000 -0.001077 0.000000 0.000416 0.000000 -0.399444 -0.001776 -0.922093 -0.848568 0.001459
33.752000 -0.000855 0.000000 -0.000068 0.000000 -0.402540 -0.001778 -0.923172 -0.849536 0.001460
33.800000 -0.000657 0.000000 -0.000473 0.000000 -0.405128 -0.001779 -0.924073 -0.850343 0.001460
33.851000 -0.000469 0.000000 -0.000853 0.000000 -0.407562 -0.001781 -0.924921 -0.851103 0.001461
33.902000 -0.000312 0.000000 -0.001187 0.000000 -0.409691 -0.001777 -0.925663 -0.852027 0.001408
33.950000 -0.000200 0.000000 -0.001463 0.000000 -0.411452 -0.001779 -0.926276 -0.852576 0.001408
34.001000 -0.000124 0.000000 -0.001719 0.000000 -0.413088 -0.001780 -0.926846 -0.853084 0.001409
34.052000 -0.000101 0.000000 -0.001927 0.000000 -0.414500 -0.001781 -0.927338 -0.853523 0.001409
34.100000 -0.000287 0.000000 -0.001296 0.000000 0.393899 0.001747 0.920159 0.847716 0.001643
34.151000 -0.000502 0.000000 -0.000697 0.000000 0.397721 0.001749 0.921491 0.848912 0.001644
34.202000 -0.000722 0.000000 -0.000167 0.000000 0.401111 0.001752 0.922672 0.849972 0.001645
34.250000 -0.000921 0.000000 0.000277 0.000000 0.403945 0.001754 0.923659 0.850857 0.001646
34.301000 -0.001115 0.000000 0.000693 0.000000 0.406602 0.001750 0.924586 0.851978 0.001579
34.352000 -0.001282 0.000000 0.001060 0.000000 0.408943 0.001751 0.925400 0.852709 0.001580
34.400000 -0.001406 0.000000 0.001363 0.000000 0.410881 0.001753 0.926076 0.853313 0.001580
34.451000 -0.001496 0.000000 0.001645 0.000000 0.412685 0.001754 0.926704 0.853875 0.001581
34.502000 -0.001536 0.000000 0.001890 0.000000 0.414237 0.001749 0.927245 0.854636 0.001519
34.550000 -0.001408 0.000000 0.001504 0.000000 -0.392485 -0.001759 -0.919668 -0.846852 0.001513
34.601000 -0.001196 0.000000 0.000898 0.000000 -0.396352 -0.001761 -0.921016 -0.848063 0.001514
34.652000 -0.000975 0.000000 0.000361 0.000000 -0.399785 -0.001763 -0.922213 -0.849138 0.001515
34.700000 -0.000769 0.000000 -0.000088 0.000000 -0.402650 -0.001760 -0.923209 -0.850301 0.001458
34.751000 -0.000564 0.000000 -0.000510 0.000000 -0.405350 -0.001762 -0.924151 -0.851143 0.001459
34.802000 -0.000381 0.000000 -0.000883 0.000000 -0.407732 -0.001764 -0.924981 -0.851887 0.001459
34.850000 -0.000238 0.000000 -0.001192 0.000000 -0.409710 -0.001765 -0.925670 -0.852504 0.001460
34.901000 -0.000123 0.000000 -0.001480 0.000000 -0.411546 -0.001761 -0.926308 -0.853334 0.001407
34.952000 -0.000054 0.000000 -0.001730 0.000000 -0.413142 -0.001762 -0.926866 -0.853829 0.001408
35.000000 -0.000050 0.000000 -0.001863 0.000000 0.371847 0.001644 0.640675 0.808553 0.001615
35.051000 -0.000248 0.000000 -0.001206 0.000000 0.394444 0.001728 0.920349 0.848684 0.001642
35.102000 -0.000462 0.000000 -0.000624 0.000000 0.398157 0.001725 0.921642 0.850132 0.001576
35.150000 -0.000666 0.000000 -0.000137 0.000000 0.401264 0.001727 0.922726 0.851102 0.001577
35.201000 -0.000875 0.000000 0.000322 0.000000 0.404198 0.001729 0.923749 0.852019 0.001578
35.252000 -0.001064 0.000000 0.000727 0.000000 0.406788 0.001731 0.924651 0.852829 0.001579
35.300000 -0.001217 0.000000 0.001063 0.000000 0.408928 0.001727 0.925402 0.853762 0.001517
35.351000 -0.001345 0.000000 0.001377 0.000000 0.410937 0.001728 0.926096 0.854396 0.001518
35.402000 -0.001429 0.000000 0.001650 0.000000 0.412684 0.001729 0.926705 0.854941 0.001518
35.450000 -0.001463 0.000000 0.001875 0.000000 0.414114 0.001730 0.927203 0.855386 0.001518
35.501000 -0.001317 0.000000 0.001424 0.000000 -0.392963 -0.001732 -0.919848 -0.848113 0.001512
35.552000 -0.001107 0.000000 0.000833 0.000000 -0.396743 -0.001734 -0.921153 -0.849314 0.001513
35.600000 -0.000901 0.000000 0.000338 0.000000 -0.399903 -0.001736 -0.922255 -0.850304 0.001514
35.651000 -0.000686 0.000000 -0.000129 0.000000 -0.402889 -0.001738 -0.923295 -0.851238 0.001515
35.702000 -0.000485 0.000000 -0.000541 0.000000 -0.405516 -0.001735 -0.924216 -0.852311 0.001458
35.750000 -0.000317 0.000000 -0.000884 0.000000 -0.407712 -0.001736 -0.924975 -0.853005 0.001459
35.801000 -0.000170 0.000000 -0.001205 0.000000 -0.409764 -0.001738 -0.925690 -0.853647 0.001459
35.852000 -0.000061 0.000000 -0.001486 0.000000 -0.411559 -0.001739 -0.926315 -0.854207 0.001460
35.900000 0.000000 0.000000 -0.001716 0.000000 -0.413038 -0.001735 -0.926812 -0.854941 0.001407
35.951000 -0.000015 0.000000 -0.001772 0.000000 0.346970 0.001516 0.965662 0.755686 0.001598
36.002000 -0.000213 0.000000 -0.001131 0.000000 0.394901 0.001710 0.920510 0.849582 0.001642
36.050000 -0.000413 0.000000 -0.000593 0.000000 0.398332 0.001712 0.921705 0.850657 0.001643
36.101000 -0.000627 0.000000 -0.000086 0.000000 0.401583 0.001709 0.922816 0.851981 0.001576
36.152000 -0.000831 0.000000 0.000362 0.000000 0.404428 0.001711 0.923830 0.852843 0.001577
36.200000 -0.001006 0.000000 0.000735 0.000000 0.406814 0.001713 0.924661 0.853590 0.001578
36.251000 -0.001164 0.000000 0.001085 0.000000 0.409052 0.001714 0.925440 0.854289 0.001579
36.302000 -0.001285 0.000000 0.001391 0.000000 0.411020 0.001710 0.926104 0.855199 0.001517
36.350000 -0.001360 0.000000 0.001643 0.000000 0.412611 0.001711 0.926680 0.855666 0.001517
36.401000 -0.001392 0.000000 0.001876 0.000000 0.414095 0.001712 0.927197 0.856129 0.001518
36.452000 -0.001224 0.000000 0.001335 0.000000 -0.393519 -0.001715 -0.920030 -0.849002 0.001512
36.500000 -0.001028 0.000000 0.000791 0.000000 -0.396898 -0.001708 -0.921325 -0.850281 0.001512
36.551000 -0.000812 0.000000 0.000277 0.000000 -0.400264 -0.001711 -0.922381 -0.851492 0.001514
36.602000 -0.000601 0.000000 -0.000177 0.000000 -0.403168 -0.001713 -0.923393 -0.852402 0.001514
36.650000 -0.000416 0.000000 -0.000556 0.000000 -0.405593 -0.001714 -0.924238 -0.853161 0.001515
36.701000 -0.000243 0.000000 -0.000912 0.000000 -0.407817 -0.001711 -0.925076 -0.854024 0.001458
36.752000 -0.000102 0.000000 -0.001224 0.000000 -0.409858 -0.001712 -0.925723 -0.854748 0.001459
36.800000 -0.000004 0.000000 -0.001481 0.000000 -0.411503 -0.001713 -0.926296 -0.855262 0.001459
36.851000 0.000056 0.000000 -0.001720 0.000000 -0.413028 -0.001714 -0.926828 -0.855738 0.001460
36.902000 0.000014 0.000000 -0.001672 0.000000 0.387287 0.001642 0.923831 0.841852 0.001588
36.950000 -0.000170 0.000000 -0.001089 0.000000 0.395107 0.001663 0.920583 0.851654 0.001597
37.001000 -0.000380 0.000000 -0.000537 0.000000 0.398630 0.001665 0.921811 0.852756 0.001598
37.052000 -0.000590 0.000000 -0.000048 0.000000 0.401754 0.001667 0.922900 0.853733 0.001599
37.100000 -0.000780 0.000000 0.000360 0.000000 0.404471 0.001664 0.923681 0.855053 0.001537
37.151000 -0.000962 0.000000 0.000743 0.000000 0.406806 0.001665 0.924660 0.855578 0.001537
37.202000 -0.001116 0.000000 0.001080 0.000000 0.408960 0.001667 0.925410 0.856250 0.001538
37.250000 -0.001228 0.000000 0.001359 0.000000 0.410742 0.001668 0.926031 0.856806 0.001538
37.301000 -0.001306 0.000000 0.001618 0.000000 0.412502 0.001665 0.926484 0.857809 0.001480
37.352000 -0.001336 0.000000 0.001841 0.000000 0.413816 0.001665 0.927102 0.858019 0.001480
37.400000 -0.001176 0.000000 0.001318 0.000000 -0.393637 -0.001719 -0.920071 -0.848853 0.001565
37.451000 -0.000971 0.000000 0.000742 0.000000 -0.397315 -0.001721 -0.921353 -0.850010 0.001566
37.502000 -0.000759 0.000000 0.000231 0.000000 -0.400764 -0.001719 -0.922323 -0.851702 0.001506
37.550000 -0.000565 0.000000 -0.000194 0.000000 -0.403291 -0.001720 -0.923436 -0.852146 0.001506
37.601000 -0.000374 0.000000 -0.000595 0.000000 -0.405855 -0.001722 -0.924329 -0.852951 0.001507
37.652000 -0.000208 0.000000 -0.000949 0.000000 -0.408114 -0.001723 -0.925115 -0.853660 0.001508
37.700000 -0.000081 0.000000 -0.001241 0.000000 -0.409515 -0.001717 -0.926157 -0.853509 0.001450
37.751000 0.000015 0.000000 -0.001513 0.000000 -0.411715 -0.001720 -0.926370 -0.855036 0.001452
37.802000 0.000065 0.000000 -0.001749 0.000000 -0.413222 -0.001721 -0.926895 -0.855508 0.001452
37.850000 -0.000008 0.000000 -0.001573 0.000000 0.392006 0.001642 0.919485 0.851493 0.001596
37.901000 -0.000206 0.000000 -0.000971 0.000000 0.395062 0.001631 0.921621 0.851483 0.001596
37.952000 -0.000415 0.000000 -0.000440 0.000000 0.399213 0.001637 0.922015 0.854145 0.001599
38.000000 -0.000612 0.000000 0.000004 0.000000 0.402054 0.001638 0.923005 0.855034 0.001600
38.051000 -0.000809 0.000000 0.000423 0.000000 0.404733 0.001640 0.923938 0.855872 0.001601
38.102000 -0.000987 0.000000 0.000793 0.000000 0.406711 0.001635 0.925150 0.856070 0.001536
38.150000 -0.001127 0.000000 0.001099 0.000000 0.409045 0.001638 0.925441 0.857479 0.001538
38.201000 -0.001241 0.000000 0.001384 0.000000 0.410871 0.001639 0.926077 0.858049 0.001538
38.252000 -0.001312 0.000000 0.001633 0.000000 0.412460 0.001640 0.926630 0.858544 0.001539
38.300000 -0.001335 0.000000 0.001837 0.000000 0.414840 0.001641 0.927082 0.861493 0.001482
38.351000 -0.001149 0.000000 0.001214 0.000000 -0.394280 -0.001705 -0.920297 -0.849657 0.001565
38.402000 -0.000945 0.000000 0.000654 0.000000 -0.397859 -0.001707 -0.921543 -0.850785 0.001566
38.450000 -0.000749 0.000000 0.000185 0.000000 -0.400856 -0.001709 -0.922588 -0.851729 0.001567
38.501000 -0.000548 0.000000 -0.000258 0.000000 -0.404846 -0.001711 -0.923573 -0.855346 0.001509
38.552000 -0.000363 0.000000 -0.000647 0.000000 -0.406170 -0.001707 -0.924439 -0.853653 0.001507
38.600000 -0.000213 0.000000 -0.000971 0.000000 -0.408241 -0.001708 -0.925160 -0.854303 0.001508
38.651000 -0.000086 0.000000 -0.001274 0.000000 -0.410178 -0.001710 -0.925835 -0.854911 0.001509
38.702000 0.000001 0.000000 -0.001539 0.000000 -0.412989 -0.001711 -0.926424 -0.858075 0.001455
38.750000 0.000041 0.000000 -0.001755 0.000000 -0.413239 -0.001707 -0.926902 -0.856114 0.001452
38.801000 -0.000067 0.000000 -0.001446 0.000000 0.392767 0.001614 0.919771 0.852899 0.001596
38.852000 -0.000266 0.000000 -0.000866 0.000000 0.396474 0.001616 0.921061 0.854064 0.001598
38.900000 -0.000462 0.000000 -0.000379 0.000000 0.399580 0.001618 0.922144 0.855038 0.001599
38.951000 -0.000668 0.000000 0.000079 0.000000 0.402502 0.001615 0.923162 0.856206 0.001536
39.002000 -0.000862 0.000000 0.000483 0.000000 0.405090 0.001617 0.924064 0.857016 0.001537
39.053000 -0.001033 0.000000 0.000840 0.000000 0.407372 0.001618 0.924859 0.857730 0.001537
39.101000 -0.001167 0.000000 0.001136 0.000000 0.409266 0.001619 0.925518 0.858322 0.001538
39.152000 -0.001274 0.000000 0.001412 0.000000 0.411020 0.001616 0.926129 0.859112 0.001479
39.203000 -0.001337 0.000000 0.001651 0.000000 0.412549 0.001617 0.926662 0.859590 0.001480
39.251000 -0.001330 0.000000 0.001735 0.000000 -0.436740 -0.001876 -0.883044 -0.946371 0.001734
39.302000 -0.001141 0.000000 0.001120 0.000000 -0.394867 -0.001691 -0.920501 -0.850430 0.001565
39.353000 -0.000938 0.000000 0.000575 0.000000 -0.398332 -0.001686 -0.921709 -0.851825 0.001567
39.401000 -0.000744 0.000000 0.000120 0.000000 -0.401242 -0.001688 -0.922723 -0.852741 0.001568
39.452000 -0.000546 0.000000 -0.000309 0.000000 -0.403987 -0.001689 -0.923679 -0.853605 0.001569
39.503000 -0.000365 0.000000 -0.000688 0.000000 -0.406410 -0.001691 -0.924523 -0.854367 0.001570
39.551000 -0.000220 0.000000 -0.001002 0.000000 -0.408412 -0.001687 -0.925221 -0.855245 0.001509
39.602000 -0.000099 0.000000 -0.001296 0.000000 -0.410288 -0.001688 -0.925874 -0.855834 0.001509
39.653000 -0.000018 0.000000 -0.001552 0.000000 -0.411924 -0.001689 -0.926444 -0.856348 0.001510
39.701000 0.000016 0.000000 -0.001762 0.000000 -0.413262 -0.001690 -0.926910 -0.856767 0.001511
39.752000 -0.000119 0.000000 -0.001344 0.000000 0.393399 0.001596 0.919995 0.853838 0.001597
39.803000 -0.000317 0.000000 -0.000779 0.000000 0.397007 0.001598 0.921248 0.854977 0.001598
39.851000 -0.000510 0.000000 -0.000306 0.000000 0.400027 0.001600 0.922300 0.855925 0.001599
39.902000 -0.000711 0.000000 0.000140 0.000000 0.402879 0.001602 0.923294 0.856820 0.001600
39.953000 -0.000899 0.000000 0.000533 0.000000 0.405388 0.001599 0.924168 0.857853 0.001537
