-0.050000 0.001774 2.249999
-0.049800 0.001943 2.249999
-0.049600 0.002127 2.249998
-0.049400 0.002327 2.249998
-0.049200 0.002544 2.249998
-0.049000 0.002781 2.249997
-0.048800 0.003037 2.249997
-0.048600 0.003316 2.249996
-0.048400 0.003618 2.249996
-0.048200 0.003946 2.249995
-0.048000 0.004301 2.249994
-0.047800 0.004686 2.249993
-0.047600 0.005102 2.249992
-0.047400 0.005553 2.249991
-0.047200 0.006040 2.249990
-0.047000 0.006566 2.249988
-0.046800 0.007135 2.249986
-0.046600 0.007748 2.249984
-0.046400 0.008410 2.249982
-0.046200 0.009124 2.249979
-0.046000 0.009893 2.249976
-0.045800 0.010721 2.249972
-0.045600 0.011613 2.249968
-0.045400 0.012572 2.249963
-0.045200 0.013604 2.249958
-0.045000 0.014713 2.249952
-0.044800 0.015903 2.249945
-0.044600 0.017181 2.249937
-0.044400 0.018552 2.249927
-0.044200 0.020023 2.249917
-0.044000 0.021598 2.249905
-0.043800 0.023286 2.249892
-0.043600 0.025092 2.249877
-0.043400 0.027025 2.249860
-0.043200 0.029091 2.249841
-0.043000 0.031299 2.249819
-0.042800 0.033658 2.249795
-0.042600 0.036175 2.249767
-0.042400 0.038861 2.249736
-0.042200 0.041724 2.249701
-0.042000 0.044776 2.249662
-0.041800 0.048026 2.249618
-0.041600 0.051485 2.249569
-0.041400 0.055165 2.249513
-0.041200 0.059077 2.249451
-0.041000 0.063234 2.249382
-0.040800 0.067648 2.249304
-0.040600 0.072334 2.249218
-0.040400 0.077303 2.249121
-0.040200 0.082572 2.249013
-0.040000 0.088153 2.248893
-0.039800 0.094064 2.248760
-0.039600 0.100318 2.248612
-0.039400 0.106933 2.248447
-0.039200 0.113924 2.248264
-0.039000 0.121310 2.248061
-0.038800 0.129107 2.247837
-0.038600 0.137333 2.247589
-0.038400 0.146007 2.247314
-0.038200 0.155148 2.247011
-0.038000 0.164775 2.246677
-0.037800 0.174908 2.246309
-0.037600 0.185566 2.245903
-0.037400 0.196771 2.245457
-0.037200 0.208542 2.244966
-0.037000 0.220900 2.244428
-0.036800 0.233868 2.243837
-0.036600 0.247466 2.243190
-0.036400 0.261715 2.242481
-0.036200 0.276638 2.241706
-0.036000 0.292257 2.240859
-0.035800 0.308592 2.239934
-0.035600 0.325667 2.238926
-0.035400 0.343503 2.237827
-0.035200 0.362121 2.236631
-0.035000 0.381542 2.235331
-0.034800 0.401789 2.233918
-0.034600 0.422882 2.232385
-0.034400 0.444841 2.230723
-0.034200 0.467687 2.228923
-0.034000 0.491438 2.226975
-0.033800 0.516114 2.224869
-0.033600 0.541732 2.222595
-0.033400 0.568310 2.220142
-0.033200 0.595863 2.217498
-0.033000 0.624407 2.214651
-0.032800 0.653957 2.211589
-0.032600 0.684524 2.208299
-0.032400 0.716121 2.204768
-0.032200 0.748758 2.200981
-0.032000 0.782443 2.196924
-0.031800 0.817182 2.192583
-0.031600 0.852982 2.187942
-0.031400 0.889845 2.182985
-0.031200 0.927773 2.177697
-0.031000 0.966764 2.172062
-0.030800 1.006815 2.166062
-0.030600 1.047921 2.159681
-0.030400 1.090074 2.152902
-0.030200 1.133264 2.145707
-0.030000 1.177476 2.138078
-0.029800 1.222696 2.129999
-0.029600 1.268903 2.121451
-0.029400 1.316077 2.112418
-0.029200 1.364191 2.102881
-0.029000 1.413218 2.092824
-0.028800 1.463126 2.082228
-0.028600 1.513880 2.071079
-0.028400 1.565442 2.059358
-0.028200 1.617770 2.047051
-0.028000 1.670817 2.034142
-0.027800 1.724536 2.020616
-0.027600 1.778872 2.006460
-0.027400 1.833770 1.991660
-0.027200 1.889169 1.976205
-0.027000 1.945005 1.960083
-0.026800 2.001210 1.943285
-0.026600 2.057712 1.925801
-0.026400 2.114436 1.907625
-0.026200 2.171302 1.888749
-0.026000 2.228228 1.869170
-0.025800 2.285126 1.848885
-0.025600 2.341908 1.827893
-0.025400 2.398480 1.806193
-0.025200 2.454744 1.783788
-0.025000 2.510600 1.760682
-0.024800 2.565946 1.736882
-0.024600 2.620674 1.712395
-0.024400 2.674676 1.687231
-0.024200 2.727841 1.661403
-0.024000 2.780054 1.634924
-0.023800 2.831199 1.607812
-0.023600 2.881157 1.580085
-0.023400 2.929809 1.551763
-0.023200 2.977034 1.522869
-0.023000 3.022708 1.493429
-0.022800 3.066709 1.463468
-0.022600 3.108911 1.433017
-0.022400 3.149191 1.402106
-0.022200 3.187425 1.370768
-0.022000 3.223488 1.339038
-0.021800 3.257258 1.306953
-0.021600 3.288612 1.274549
-0.021400 3.317430 1.241868
-0.021200 3.343594 1.208949
-0.021000 3.366987 1.175836
-0.020800 3.387496 1.142570
-0.020600 3.405011 1.109198
-0.020400 3.419426 1.075763
-0.020200 3.430636 1.042312
-0.020000 3.438544 1.008890
-0.019800 3.443057 0.975544
-0.019600 3.444086 0.942320
-0.019400 3.441549 0.909265
-0.019200 3.435369 0.876424
-0.019000 3.425477 0.843844
-0.018800 3.411809 0.811568
-0.018600 3.394309 0.779642
-0.018400 3.372929 0.748107
-0.018200 3.347630 0.717006
-0.018000 3.318379 0.686379
-0.017800 3.285153 0.656264
-0.017600 3.247939 0.626698
-0.017400 3.206732 0.597717
-0.017200 3.161536 0.569354
-0.017000 3.112366 0.541638
-0.016800 3.059248 0.514599
-0.016600 3.002215 0.488263
-0.016400 2.941314 0.462654
-0.016200 2.876601 0.437792
-0.016000 2.808141 0.413696
-0.015800 2.736013 0.390382
-0.015600 2.660304 0.367863
-0.015400 2.581113 0.346149
-0.015200 2.498550 0.325249
-0.015000 2.412734 0.305167
-0.014800 2.323797 0.285905
-0.014600 2.231878 0.267464
-0.014400 2.137130 0.249841
-0.014200 2.039714 0.233029
-0.014000 1.939799 0.217023
-0.013800 1.837567 0.201811
-0.013600 1.733206 0.187382
-0.013400 1.626913 0.173722
-0.013200 1.518896 0.160815
-0.013000 1.409367 0.148643
-0.012800 1.298547 0.137187
-0.012600 1.186664 0.126425
-0.012400 1.073952 0.116337
-0.012200 0.960649 0.106898
-0.012000 0.847001 0.098084
-0.011800 0.733254 0.089872
-0.011600 0.619661 0.082234
-0.011400 0.506476 0.075145
-0.011200 0.393957 0.068578
-0.011000 0.282361 0.062507
-0.010800 0.171947 0.056906
-0.010600 0.062972 0.051747
-0.010400 -0.044305 0.047006
-0.010200 -0.149630 0.042655
-0.010000 -0.252750 0.038670
-0.009800 -0.353416 0.035026
-0.009600 -0.451383 0.031700
-0.009400 -0.546413 0.028667
-0.009200 -0.638271 0.025906
-0.009000 -0.726731 0.023396
-0.008800 -0.811575 0.021116
-0.008600 -0.892592 0.019047
-0.008400 -0.969581 0.017172
-0.008200 -1.042350 0.015472
-0.008000 -1.110721 0.013932
-0.007800 -1.174522 0.012537
-0.007600 -1.233598 0.011274
-0.007400 -1.287804 0.010130
-0.007200 -1.337009 0.009094
-0.007000 -1.381095 0.008154
-0.006800 -1.419961 0.007302
-0.006600 -1.453518 0.006528
-0.006400 -1.481694 0.005826
-0.006200 -1.504430 0.005188
-0.006000 -1.521687 0.004609
-0.005800 -1.533439 0.004082
-0.005600 -1.539677 0.003604
-0.005400 -1.540409 0.003171
-0.005200 -1.535661 0.002778
-0.005000 -1.525472 0.002423
-0.004800 -1.509902 0.002103
-0.004600 -1.489025 0.001816
-0.004400 -1.462932 0.001559
-0.004200 -1.431730 0.001331
-0.004000 -1.395543 0.001131
-0.003800 -1.354509 0.000956
-0.003600 -1.308783 0.000805
-0.003400 -1.258535 0.000677
-0.003200 -1.203947 0.000570
-0.003000 -1.145218 0.000483
-0.002800 -1.082557 0.000414
-0.002600 -1.016189 0.000362
-0.002400 -0.946349 0.000325
-0.002200 -0.873284 0.000301
-0.002000 -0.797250 0.000288
-0.001800 -0.718514 0.000285
-0.001600 -0.637352 0.000290
-0.001400 -0.554046 0.000301
-0.001200 -0.468888 0.000316
-0.001000 -0.382173 0.000333
-0.000800 -0.294202 0.000350
-0.000600 -0.205282 0.000365
-0.000400 -0.115720 0.000378
-0.000200 -0.025828 0.000387
0.000000 0.064084 0.000390
0.000200 0.153703 0.000387
0.000400 0.242719 0.000379
0.000600 0.330824 0.000364
0.000800 0.417711 0.000345
0.001000 0.503079 0.000321
0.001200 0.586633 0.000296
0.001400 0.668080 0.000271
0.001600 0.747138 0.000251
0.001800 0.823531 0.000240
0.002000 0.896992 0.000243
0.002200 0.967263 0.000267
0.002400 1.034098 0.000318
0.002600 1.097260 0.000406
0.002800 1.156525 0.000540
0.003000 1.211682 0.000730
0.003200 1.262533 0.000989
0.003400 1.308893 0.001330
0.003600 1.350592 0.001767
0.003800 1.387475 0.002316
0.004000 1.419402 0.002995
0.004200 1.446248 0.003820
0.004400 1.467905 0.004812
0.004600 1.484281 0.005992
0.004800 1.495300 0.007381
0.005000 1.500902 0.009002
0.005200 1.501044 0.010880
0.005400 1.495701 0.013039
0.005600 1.484863 0.015506
0.005800 1.468537 0.018307
0.006000 1.446745 0.021469
0.006200 1.419529 0.025022
0.006400 1.386941 0.028993
0.006600 1.349054 0.033411
0.006800 1.305954 0.038307
0.007000 1.257740 0.043708
0.007200 1.204529 0.049645
0.007400 1.146448 0.056146
0.007600 1.083641 0.063241
0.007800 1.016260 0.070956
0.008000 0.944474 0.079321
0.008200 0.868460 0.088360
0.008400 0.788407 0.098101
0.008600 0.704514 0.108566
0.008800 0.616988 0.119779
0.009000 0.526047 0.131762
0.009200 0.431913 0.144534
0.009400 0.334818 0.158112
0.009600 0.234999 0.172514
0.009800 0.132698 0.187751
0.010000 0.028162 0.203837
0.010200 -0.078359 0.220779
0.010400 -0.186613 0.238585
0.010600 -0.296343 0.257258
0.010800 -0.407294 0.276800
0.011000 -0.519210 0.297210
0.011200 -0.631833 0.318483
0.011400 -0.744911 0.340613
0.011600 -0.858188 0.363590
0.011800 -0.971417 0.387401
0.012000 -1.084348 0.412031
0.012200 -1.196741 0.437461
0.012400 -1.308356 0.463672
0.012600 -1.418962 0.490639
0.012800 -1.528332 0.518337
0.013000 -1.636246 0.546736
0.013200 -1.742490 0.575805
0.013400 -1.846860 0.605511
0.013600 -1.949158 0.635819
0.013800 -2.049195 0.666691
0.014000 -2.146791 0.698087
0.014200 -2.241775 0.729967
0.014400 -2.333987 0.762287
0.014600 -2.423273 0.795003
0.014800 -2.509493 0.828071
0.015000 -2.592515 0.861443
0.015200 -2.672219 0.895073
0.015400 -2.748493 0.928914
0.015600 -2.821237 0.962916
0.015800 -2.890362 0.997033
0.016000 -2.955790 1.031215
0.016200 -3.017451 1.065414
0.016400 -3.075288 1.099583
0.016600 -3.129254 1.133675
0.016800 -3.179310 1.167643
0.017000 -3.225431 1.201441
0.017200 -3.267600 1.235025
0.017400 -3.305808 1.268352
0.017600 -3.340058 1.301380
0.017800 -3.370361 1.334068
0.018000 -3.396738 1.366378
0.018200 -3.419218 1.398272
0.018400 -3.437837 1.429716
0.018600 -3.452641 1.460676
0.018800 -3.463684 1.491121
0.019000 -3.471024 1.521021
0.019200 -3.474729 1.550350
0.019400 -3.474872 1.579083
0.019600 -3.471533 1.607197
0.019800 -3.464798 1.634671
0.020000 -3.454756 1.661487
0.020200 -3.441503 1.687630
0.020400 -3.425140 1.713084
0.020600 -3.405769 1.737840
0.020800 -3.383498 1.761886
0.021000 -3.358438 1.785216
0.021200 -3.330703 1.807824
0.021400 -3.300408 1.829706
0.021600 -3.267671 1.850862
0.021800 -3.232612 1.871291
0.022000 -3.195352 1.890996
0.022200 -3.156012 1.909981
0.022400 -3.114715 1.928250
0.022600 -3.071582 1.945810
0.022800 -3.026737 1.962671
0.023000 -2.980302 1.978841
0.023200 -2.932396 1.994331
0.023400 -2.883140 2.009153
0.023600 -2.832653 2.023321
0.023800 -2.781052 2.036847
0.024000 -2.728453 2.049747
0.024200 -2.674967 2.062037
0.024400 -2.620707 2.073731
0.024600 -2.565780 2.084847
0.024800 -2.510292 2.095402
0.025000 -2.454347 2.105413
0.025200 -2.398044 2.114898
0.025400 -2.341480 2.123875
0.025600 -2.284748 2.132362
0.025800 -2.227939 2.140377
0.026000 -2.171140 2.147939
0.026200 -2.114434 2.155064
0.026400 -2.057900 2.161773
0.026600 -2.001616 2.168081
0.026800 -1.945652 2.174007
0.027000 -1.890079 2.179568
0.027200 -1.834960 2.184781
0.027400 -1.780358 2.189663
0.027600 -1.726331 2.194230
0.027800 -1.672932 2.198498
0.028000 -1.620211 2.202482
0.028200 -1.568217 2.206197
0.028400 -1.516991 2.209659
0.028600 -1.466575 2.212880
0.028800 -1.417004 2.215875
0.029000 -1.368312 2.218657
0.029200 -1.320528 2.221237
0.029400 -1.273679 2.223630
0.029600 -1.227790 2.225844
0.029800 -1.182879 2.227893
0.030000 -1.138966 2.229786
0.030200 -1.096066 2.231534
0.030400 -1.054189 2.233146
0.030600 -1.013347 2.234631
0.030800 -0.973546 2.235997
0.031000 -0.934792 2.237254
0.031200 -0.897086 2.238408
0.031400 -0.860430 2.239467
0.031600 -0.824822 2.240438
0.031800 -0.790257 2.241328
0.032000 -0.756732 2.242141
0.032200 -0.724239 2.242885
0.032400 -0.692770 2.243564
0.032600 -0.662313 2.244183
0.032800 -0.632859 2.244748
0.033000 -0.604395 2.245262
0.033200 -0.576905 2.245729
0.033400 -0.550376 2.246154
0.033600 -0.524792 2.246539
0.033800 -0.500136 2.246889
0.034000 -0.476390 2.247206
0.034200 -0.453536 2.247493
0.034400 -0.431555 2.247752
0.034600 -0.410428 2.247987
0.034800 -0.390135 2.248198
0.035000 -0.370655 2.248389
0.035200 -0.351968 2.248561
0.035400 -0.334053 2.248715
0.035600 -0.316889 2.248854
0.035800 -0.300455 2.248979
0.036000 -0.284729 2.249091
0.036200 -0.269691 2.249192
0.036400 -0.255318 2.249282
0.036600 -0.241591 2.249362
0.036800 -0.228488 2.249434
0.037000 -0.215988 2.249499
0.037200 -0.204070 2.249556
0.037400 -0.192715 2.249607
0.037600 -0.181901 2.249653
0.037800 -0.171610 2.249693
0.038000 -0.161822 2.249729
0.038200 -0.152516 2.249761
0.038400 -0.143676 2.249790
0.038600 -0.135282 2.249815
0.038800 -0.127317 2.249837
0.039000 -0.119762 2.249857
0.039200 -0.112601 2.249875
0.039400 -0.105817 2.249890
0.039600 -0.099393 2.249904
0.039800 -0.093315 2.249916
0.040000 -0.087566 2.249926
0.040200 -0.082132 2.249936
0.040400 -0.076999 2.249944
0.040600 -0.072151 2.249951
0.040800 -0.067577 2.249957
0.041000 -0.063262 2.249963
0.041200 -0.059195 2.249968
0.041400 -0.055363 2.249972
0.041600 -0.051755 2.249975
0.041800 -0.048359 2.249979
0.042000 -0.045164 2.249982
0.042200 -0.042161 2.249984
0.042400 -0.039339 2.249986
0.042600 -0.036688 2.249988
0.042800 -0.034200 2.249990
0.043000 -0.031866 2.249991
0.043200 -0.029678 2.249992
0.043400 -0.027626 2.249993
0.043600 -0.025705 2.249994
0.043800 -0.023906 2.249995
0.044000 -0.022223 2.249996
0.044200 -0.020648 2.249996
0.044400 -0.019177 2.249997
0.044600 -0.017802 2.249997
0.044800 -0.016518 2.249998
0.045000 -0.015319 2.249998
0.045200 -0.014201 2.249998
0.045400 -0.013159 2.249999
0.045600 -0.012187 2.249999
0.045800 -0.011282 2.249999
0.046000 -0.010439 2.249999
0.046200 -0.009655 2.249999
0.046400 -0.008926 2.249999
0.046600 -0.008248 2.249999
0.046800 -0.007618 2.250000
0.047000 -0.007033 2.250000
0.047200 -0.006490 2.250000
0.047400 -0.005986 2.250000
0.047600 -0.005519 2.250000
0.047800 -0.005086 2.250000
0.048000 -0.004685 2.250000
0.048200 -0.004313 2.250000
0.048400 -0.003970 2.250000
0.048600 -0.003652 2.250000
0.048800 -0.003357 2.250000
0.049000 -0.003086 2.250000
0.049200 -0.002835 2.250000
0.049400 -0.002603 2.250000
0.049600 -0.002389 2.250000
0.049800 -0.002192 2.250000
0.050000 -0.002010 2.250000
